Visibility for camera angel (111).jpg
150
28 578.682 498.212
732 552.514 570.522
768 589.428 566.808
770 604.343 591.486
775 614.118 568.997
806 594.95 250.452
812 578.976 288.382
1109 579.697 928.788
1117 579.881 573.634
1123 536.244 434.523
1129 556.559 204.25
1132 572.97 803.869
1136 552.838 445.292
1153 588.723 238.418
1214 197.271 945.644
1217 316.878 980.822
1223 327.97 953.744
1225 359.98 965.888
1227 428.733 1008.28
1228 353.087 957.993
1234 386.583 942.005
1241 425.555 488.927
1243 471.594 969.439
1247 487.166 939.001
1249 455.237 481.409
1253 510.204 905.021
1254 510.091 905.81
1256 510.204 905.021
1259 491.321 813.242
1260 504.278 858.35
1262 530.594 541.24
1266 511.394 863.987
1267 511.394 863.987
1269 453.191 395.844
1270 535.714 960.548
1272 537.931 948.057
1276 492.468 443.986
1278 517.049 464.29
1283 559.2 952.011
1286 500.832 403.738
1287 500.832 403.738
1292 506.992 290.938
1293 554.887 593.866
1294 554.887 593.866
1300 523.868 287.044
1304 526.005 326.484
1306 535.911 257.51
1308 540.121 277.152
1309 531.124 335.141
1311 546.231 299.032
1313 550.234 248.116
1314 557.16 212.304
1316 556.929 267.997
1317 559.281 408.757
1318 559.281 408.757
1319 577.088 622.907
1321 561.972 219.437
1322 648.742 966.099
1323 568.826 388.88
1325 577.077 386.07
1326 607.516 923.101
1328 578.825 245.733
1330 576.063 297.525
1331 576.063 297.525
1335 582.894 253.904
1336 588.723 238.418
1344 600.061 255.995
1345 600.505 260.536
1347 623.276 580.528
1361 629.589 569.379
1362 630.321 615.887
1373 665.072 924.808
1374 665.072 924.808
1379 648.542 912.314
1381 612.407 380.436
1386 613.941 393.947
1387 656.693 899.914
1389 616.292 409.182
1390 622.514 396.489
1395 646.561 358.378
1405 686.313 881.503
1407 783.188 947.2
1475 592.14 363.845
1477 580.203 199.256
1490 651.663 605.13
1510 809.011 908.08
1511 188.475 945.129
1512 215.554 953.272
1513 256.526 931.002
1514 261.234 969.521
1515 280.215 975.052
1516 329.232 494.34
1517 346.298 965.333
1518 349.219 900.279
1519 357.61 499.263
1520 382.431 955.487
1521 398.092 867.037
1522 399.024 584.009
1523 400.047 557.605
1524 401.113 544.568
1525 408.211 558.465
1526 428.81 930.284
1527 428.991 945.912
1528 449.291 984.367
1529 459.378 455.788
1530 465.853 529.887
1531 475.989 591.009
1532 483.129 977.24
1533 483.61 994.261
1534 494.902 555.302
1535 502.988 916.317
1536 506.407 296.52
1537 508.118 847.433
1538 508.118 847.433
1539 523.379 479.933
1540 525.499 294.012
1541 525.635 347.804
1542 526.028 558.956
1543 527.557 227.181
1544 529.89 604.2
1545 534.633 566.998
1546 540.24 503.577
1547 541.627 586.502
1548 552.514 570.522
1549 557.994 582.298
1550 562.459 1043.93
1551 562.732 804.539
1552 564.885 567.358
1553 573.409 436.115
1554 576.203 968.517
1555 578.825 245.733
1556 578.793 582.315
1557 581.336 969.367
1558 582.18 443.479
1559 587.536 258.12
1560 600.505 260.536
1561 616.292 409.182
1562 623.721 426.652
1563 629.921 459.811
1564 632.111 371.956
1565 642.727 924.01
1566 644.587 1065.51
1567 645.752 390.722
1568 648.549 427.099
1569 655.961 415.147
1570 659.888 604.302
1571 672.542 399.5
1572 673.572 408.52
1573 712.578 1013.58
1574 746.848 989.728