Point Cloud Visibility
35
Visibility for camera firetruck (1).jpg
34
0 199.184 913.456
1 229.979 673.485
2 231.575 929.113
3 240.015 737.11
4 244.329 440.972
5 244.461 541.962
6 245.395 729.862
7 249.091 805.033
8 253.713 685.85
9 275.656 271.622
10 281.109 316.576
11 291.041 885.246
12 295.802 990.518
13 296.014 910.56
14 305.142 970.897
15 308.484 893.326
16 316.432 976.252
17 320.973 179.901
18 329.586 677.273
19 339.56 264.579
20 410.731 612.503
21 436.061 294.398
22 483.785 601.707
23 494.742 559.774
24 502.202 846.413
25 516.208 595.308
26 525.603 600.882
27 536.815 558.12
28 543.752 827.386
29 563.74 864.909
30 575.054 854.571
31 581.523 847.897
32 588.803 849.333
33 629.439 789.304
Visibility for camera firetruck (10).jpg
24
34 271.416 885.872
35 271.511 898.927
36 311.733 892.372
37 314.751 763.988
38 340.989 900.029
39 368.081 896.909
40 410.41 886.781
41 449.291 774.599
42 461.429 769.588
43 499.307 903.107
44 503.774 774.434
45 508.887 709.758
46 527.068 887.738
47 545.318 888.111
48 573.543 774.209
49 595.475 775.575
50 628.051 774.238
51 627.652 902.382
52 651.382 907.992
53 651.382 907.992
54 671.736 913.104
55 708.859 915.79
56 710.24 774.433
57 735.887 907.69
Visibility for camera firetruck (11).jpg
40
34 331.392 896.977
35 344.12 909.492
41 534.315 561.62
42 547.33 545.552
45 556.664 465.266
48 666.229 504.805
49 688.898 496.295
56 801.739 445.678
58 132.86 852.744
59 260.853 709.169
60 271.195 808.995
61 274.53 798.894
62 301.45 624.85
63 304.071 908.064
64 306.144 879.509
65 317.788 854.879
66 353.175 798.177
67 353.175 798.177
68 357.575 756.276
69 380.141 464.934
70 394.623 460.541
71 399.162 452.626
72 427.626 478.73
73 479.953 590.68
74 511.319 800.498
75 561.888 710.307
76 562.359 789.21
77 583.115 529.427
78 616.385 530.559
79 619.472 514.286
80 657.524 497.209
81 666.866 699.7
82 680.756 397.364
83 697.429 405.196
84 710.528 719.41
85 724.677 529.937
86 745.156 391.561
87 753.56 591.37
88 807.205 678.988
89 856.833 682.979
Visibility for camera firetruck (12).jpg
91
0 134.199 823.386
2 136.548 842.7
34 413.069 923.523
35 430.915 931.719
39 514.075 848.256
40 537.538 809.137
41 554.156 536.042
48 648.851 458.289
58 188.161 933.309
59 337.32 740.223
60 355.269 843.236
61 357.088 831.608
62 355.612 645.323
63 390.055 941.567
64 389.487 911.036
65 396.417 883.479
66 423.583 814.008
67 423.583 814.008
68 421.421 770.971
69 353.358 478.797
70 369.477 471.384
71 371.456 464.129
72 414.333 481.329
73 514.457 575.045
75 580.981 684.727
76 588.614 765.405
79 614.827 474.672
80 642.341 451.881
81 658.616 656.877
82 610.903 357.906
83 627.672 362.337
84 694.431 667.664
85 690.587 476.157
86 664.249 340.882
89 810.623 603.048
90 225.589 846.841
91 233.695 664.124
92 240.4 680.255
93 242.916 647.965
94 295.902 839.871
95 340.046 869.71
96 366.09 694.562
97 425.103 566.136
98 449.335 530.116
99 462.426 490.007
100 481.765 467.055
101 637.993 678.445
102 675.636 520.305
103 682.962 240.508
104 684.589 252.06
105 690.427 218.941
106 690.928 232.552
107 692.855 156.286
108 698.062 123.532
109 701.91 460.228
110 707.1 175.397
111 721.637 668.958
112 724.63 190.413
113 729.997 251.487
114 729.4 97.7118
115 746.474 276.77
116 749.925 267.671
117 758.069 643.905
118 758.145 219.2
119 766.516 180.182
120 781.178 156.686
121 782.718 138.874
122 788.237 259.383
123 793.575 106.444
124 794.869 121.447
125 800.838 160.967
126 809.642 266.967
127 813.042 250.431
128 814.173 120.321
129 814.764 204.732
130 829.306 120.051
131 830.774 205.53
132 845.006 145.824
133 847.434 184.16
134 847.377 97.5968
135 853.577 233.316
136 856.01 139.176
137 873.299 246.965
138 877.93 259.011
139 878.504 127.425
140 885.466 174.143
141 889.136 216.24
142 902.036 239.343
143 907.463 136.422
144 917.185 108.844
145 933.892 100.966
Visibility for camera firetruck (13).jpg
133
2 318.914 755.14
16 345.4 787.959
26 433.574 574.774
29 468.631 742.712
35 574.139 749.148
40 607.8 646.608
58 396.586 802.581
62 491.899 546.224
63 548.957 763.427
69 421.673 433.991
70 430.436 426.165
71 429.554 419.43
72 469.893 422.903
76 628.549 605.617
82 558.659 300.677
86 588.574 279.857
88 698.979 465.428
90 425.257 723.068
91 397.125 587.67
92 406.583 596.609
93 399.034 573.753
94 485.036 698.925
95 515.972 713.465
96 508.895 580.186
97 511.275 478.25
98 501.091 452.684
99 505.876 421.486
100 521.119 399.221
101 641.439 536.368
102 642.126 408.214
103 265.787 223.677
104 271.806 234.472
105 268.717 202.178
106 271.232 215.968
107 250.262 144.63
108 244.456 111.479
109 649.028 360.328
110 267.224 159.546
111 688.576 513.556
112 289.239 168.983
113 313.543 222.199
114 266.164 80.4711
115 335.421 244.53
116 338.525 234.56
117 707.317 490.635
118 331.306 187.821
119 326.513 148.633
120 332.338 125.025
121 327.487 108.751
122 368.364 220.376
123 330.227 76.8375
124 334.928 88.7826
125 349.467 125.297
126 391.596 220.424
127 389.86 206.341
128 352.323 84.4731
129 378.393 162.608
130 365.199 79.7549
131 394.805 160.781
132 386.851 101.106
133 401.855 137.14
134 376.987 54.9499
135 421.934 181.606
136 396.111 94.0483
137 445.344 190.063
138 451.609 199.61
139 411.818 77.6729
140 432.016 119.279
141 447.857 157.282
142 469.015 176.906
143 439.136 81.4592
144 439.828 51.5624
145 452.514 42.3207
146 748.014 350.211
147 753.224 89.7824
148 756.376 358.025
149 757.362 330.86
150 773.129 78.6006
151 779.663 334.16
152 782.025 369.358
153 792.122 341.399
154 800.033 79.2587
155 808.521 90.6372
156 815.124 36.9111
157 828.111 221.576
158 831.576 324.079
159 831.819 295.999
160 833.236 80.1641
161 840.64 289.038
162 841.163 344.326
163 843.498 249.769
164 844.65 236.416
165 847.193 408.481
166 850.403 398.873
167 850.671 46.1918
168 853.243 278.426
169 861.378 239.174
170 863.851 289.959
171 863.599 75.6843
172 873.142 259.164
173 876.53 318.108
174 876.5 73.4616
175 879.222 406.148
176 878.528 139.133
177 880.524 126.135
178 881.823 298.36
179 880.992 173.321
180 882.109 209.411
181 883.467 370.072
182 883.969 264.477
183 884.273 99.1304
184 885.177 84.8702
185 886.451 275.503
186 888.407 45.9204
187 890.499 402.101
188 889.512 254.811
189 889.967 220.183
190 894.893 265.733
191 895.63 323.822
192 896.196 65.397
193 897.329 169.173
194 902.232 380.665
195 902.557 349.342
196 906.174 357.609
197 906.385 275.691
198 908.398 72.7776
199 908.398 72.7776
200 910.665 95.0374
201 911.825 141.136
202 914.113 345.733
203 912.836 105.372
204 917.045 36.8897
205 922.3 191.605
Visibility for camera firetruck (14).jpg
125
2 488.914 809.294
4 406.769 510.493
5 425.913 571.65
6 462.145 686.831
7 478.788 731.293
8 459.358 658.385
10 392.644 399.031
11 526.066 767.742
12 550.257 829.572
13 534.564 781.769
14 553.066 815.269
15 540.833 768.044
16 563.064 816.197
17 374.66 273.389
18 499.649 607.159
19 401.612 315.678
20 521.089 503.794
21 473.237 297.618
22 570.063 474.529
23 565.681 441.093
27 597.504 429.003
28 681.826 628.157
30 720.083 643.3
32 727.754 636.05
90 657.518 652.872
94 721.642 581.806
146 18.5934 823.972
148 31.2381 827.002
149 21.5462 801.139
151 44.1743 795.057
152 62.9636 824.641
153 58.2115 797.553
157 36.6024 677.271
158 88.6355 765.164
159 75.6917 741.753
161 81.0638 732.21
162 108.267 778.619
163 60.3369 698.752
164 57.4301 685.069
165 147.677 830.109
166 147.747 819.146
168 86.6975 717.188
169 73.6048 682.229
170 101.367 724.002
172 94.5215 693.889
173 129.875 739.832
175 177.498 814.476
176 38.0325 594.707
177 31.2401 584.6
178 124.721 722.99
179 60.4094 621.53
180 81.5776 646.948
181 162.586 780.849
182 106.658 694.994
184 17.5661 549.559
185 115.629 703.808
187 185.649 806.14
188 107.14 685.907
189 93.4791 654.45
190 120.319 689.403
191 149.185 738.092
193 74.4554 611.905
194 184.135 784.2
195 167.724 758.166
196 176.567 762.767
197 135.44 694.043
198 39.0888 528.531
200 45.8994 548.558
201 69.9316 584.349
202 176.095 749.85
204 24.3209 500.158
205 107.505 620.504
206 18.7104 418.32
207 20.1445 402.192
208 29.6493 490.802
209 32.3373 402.065
210 38.3018 468.512
211 49.4605 397.296
212 56.2689 496.811
213 61.8345 388.241
214 62.8683 401.241
215 68.2491 499.872
216 68.692 436.655
217 73.0192 483.624
218 77.6942 507.419
219 85.4869 559.406
220 85.6556 520.299
221 87.1728 491.034
222 89.2449 358.446
223 93.5446 547.567
224 96.0419 437.257
225 103.715 483.718
226 106.122 511.485
227 106.832 544.629
228 108.153 379.646
229 115.203 519.962
230 117.798 486.291
231 123.306 548.18
232 123.238 601.903
233 129.493 343.996
234 136.841 403.087
235 136.749 651.34
236 156.268 505.323
237 159.863 521.94
238 161.381 464.757
239 166.94 429.471
240 430.136 253.56
241 459.123 414.25
242 493.776 295.082
243 581.594 471.481
244 601.594 687.609
245 640.229 721.623
246 649.423 647.227
247 650.426 663.967
248 650.426 663.967
249 657.891 476.053
250 675.358 773.438
251 683.555 676.519
252 708.39 749.551
253 718.371 702.384
254 728.493 557.203
255 759.536 54.4321
256 790.395 712.355
257 814.436 47.7214
258 855.308 48.8709
Visibility for camera firetruck (15).jpg
138
0 230.682 848.323
2 246.008 860.329
16 284.73 898.546
22 373.416 616.789
26 393.876 618.392
29 445.986 829.809
35 568.573 834.099
39 594.117 745.2
40 591.589 710.061
62 466.666 577.165
63 539.443 853.924
69 358.052 452.54
70 369.407 442.342
71 367.48 434.222
72 419.302 435.081
88 668.908 498.977
91 345.645 637.275
92 359.253 647.907
93 348.193 620.755
94 466.011 771.778
95 501.737 789.189
97 480.542 498.727
98 457.149 473.156
99 463.232 431.493
100 482.712 403.067
101 618.131 576.841
102 613.258 421.805
103 72.2711 358.646
104 78.2695 369.082
105 73.303 337.45
106 76.8455 350.508
107 50.589 278.711
108 43.5367 247.3
109 618.128 367.971
110 71.5542 294.314
111 665.585 553.843
112 93.569 303.087
113 122.89 356.182
114 64.5971 214.542
115 144.563 377.314
116 146.426 366.721
117 684.135 526.532
118 138.739 320.629
119 131.191 282.271
120 136.126 257.514
121 128.328 242.386
122 181.061 350.887
123 131.507 210.199
124 137.068 222.498
125 154.992 257.695
126 202.708 351.819
127 200.268 336.18
128 154.257 215.571
129 185.247 294.597
130 168.336 212.827
131 203.486 291.257
132 192.732 232.913
133 208.616 268.492
134 177.858 188.793
135 232.197 310.768
136 199.849 225.093
137 256.487 319.035
138 264.084 328.072
139 216.28 209.346
140 237.783 249.065
141 258.523 286.432
142 279.213 304.674
143 246.06 212.339
144 244.629 183.098
145 256.462 173.515
147 564.75 210.414
150 582.429 199.452
154 608.655 199.767
155 619.34 209.751
156 622.907 158.331
160 643.838 198.508
167 656.686 166.362
171 671.99 193.115
174 685.375 191.553
176 693.658 253.887
177 693.529 241.604
180 704.028 322.582
183 695.166 215.964
184 694.154 202.406
185 710.336 389.014
186 694.792 164.293
188 712.665 367.46
189 710.712 333.862
190 720.487 377.441
192 704.014 182.793
193 715.235 284.116
197 729.985 386.993
199 719.23 188.172
200 721.543 209.951
201 725.839 255.917
203 724.645 221.529
204 721.882 154.32
205 740.601 305.728
206 755.305 70.4524
207 764.583 53.0559
208 733.732 145.312
209 773.877 58.1581
210 749.22 128.688
211 793.363 59.0728
212 754.314 163.519
213 809.203 52.2885
214 803.718 67.233
215 761.389 169.728
216 790.963 105.299
217 775.703 155.206
218 767.67 180.511
219 751.225 234.563
220 771.046 196.442
221 784.422 167.035
222 851.556 29.335
223 763.67 225.818
224 816.529 113.761
225 800.455 166.771
226 792.301 193.444
227 775.287 229.358
228 857.032 57.9972
229 794.763 207.14
230 813.897 173.122
231 789.303 236.823
232 761.382 292.033
233 893.62 29.4954
234 870.348 94.38
235 752.843 345.674
236 838.161 206.917
237 836.685 222.084
238 863.307 166.068
239 888.335 129.986
243 384.185 619.227
245 373.49 852.67
250 393.233 908.724
252 432.629 900.531
253 444.238 867.817
259 699.98 483.063
Visibility for camera firetruck (16).jpg
123
1 405.106 661.632
2 421.323 853.036
3 418.576 706.651
5 409.911 559.094
6 421.623 700.698
7 428.342 755.535
11 468.665 806.752
12 479.267 885.644
13 474.602 824.287
14 485.802 867.661
15 484.152 808.868
16 495.364 869.867
21 448.213 275.49
22 520.559 496.909
23 516.585 458.864
27 553.909 447.207
29 672.172 708.375
30 678.66 695.469
31 680.378 687.166
90 605.73 703.259
146 155.287 676.724
147 44.4555 445.707
148 166.539 681.171
149 157.606 654.837
150 59.505 430.01
151 180.473 649.974
152 196.988 681.757
153 195.499 653.727
154 84.9921 423.838
155 99.6907 428.978
156 84.4214 378.869
157 180.108 531.59
158 226.41 623.662
159 215.038 599.133
160 121.44 409.954
161 220.96 590.02
162 243.234 637.438
163 202.164 554.186
164 200.992 540.274
165 279.865 694.145
166 278.164 682.706
167 121.645 378.113
168 226.953 575.63
169 217.489 538.088
170 241.988 582.563
171 145.319 399.244
172 236.189 551.529
173 267.571 601.367
174 157.935 394.505
175 308.223 680.067
176 189 447.372
178 263.829 584.345
179 207.837 476.247
181 297.033 644.987
182 249.1 553.219
183 176.73 412.272
184 171.536 399.533
185 256.125 564.103
186 157.045 366.742
187 317.769 671.556
188 250.757 543.591
189 238.131 511.745
190 262.024 549.741
191 287.56 600.259
192 175.078 378.524
194 319.604 648.716
195 305.101 621.267
196 313.056 627.043
198 191.133 379.831
199 191.133 379.831
200 198.932 401.203
202 314.174 613.965
203 206.822 409.312
204 179.56 349.771
206 181.402 266.732
207 183.541 248.509
208 187.624 340.606
209 195.362 249.21
210 196.626 319.319
211 212.929 246.102
212 213.724 349.721
213 226.051 236.655
214 225.527 251.016
215 224.09 353.089
216 228.545 288.203
217 231.25 336.67
218 232.389 361.127
219 237.061 414.351
220 241.779 372.83
221 244.686 343.926
222 256.307 206.659
223 245.85 402.198
224 255.81 290.389
225 259.862 337.687
226 261.734 364.979
227 259.405 400.68
228 272.932 229.096
229 268.823 376.311
230 273.94 342.182
231 274.393 405.164
232 269.506 460.734
233 294.807 195.353
234 298.21 257.139
235 281.414 511.355
236 310.484 364.282
237 313.314 379.707
238 317.738 322.714
239 326.091 286.334
241 408.894 415.883
242 470.054 275.027
243 533.282 494.563
244 542.198 735.594
245 586.764 773.783
246 598.168 694.956
247 597.272 714.443
248 597.272 714.443
249 621.183 502.002
250 625.066 832.045
251 638.622 726.659
252 664.218 807.289
253 676.43 757.954
254 691.018 601.401
256 761.777 770.446
Visibility for camera firetruck (17).jpg
449
260 14.8503 47.2086
261 16.7058 236.547
262 17.6061 228.849
263 19.2964 66.5424
264 22.0654 256.948
265 26.009 218.959
266 29.077 262.062
267 29.363 251.25
268 34.5144 115.471
269 39.3885 186.105
270 39.9383 127.752
271 42.5319 92.7683
272 42.372 263.283
273 47.1222 248.782
274 48.2036 60.3136
275 49.0072 234.098
276 49.6574 196.312
277 52.0978 87.2829
278 52.4603 212.774
279 63.6665 231.252
280 63.9251 221.941
281 68.5743 72.5764
282 68.5992 59.9628
283 71.4048 295.635
284 74.4632 277.081
285 83.3682 149.793
286 83.3838 302.244
287 86.4302 176.933
288 92.8983 131.378
289 93.5764 96.614
290 92.549 304.397
291 94.7588 186.51
292 96.5282 165.236
293 97.4798 251.538
294 100.918 72.6215
295 102.545 322.542
296 105.847 145.339
297 106.139 259.908
298 107.607 240.232
299 107.15 596.51
300 114.835 49.4391
301 114.037 250.432
302 119.486 150.945
303 119.796 108.567
304 119.796 108.567
305 119.468 333.434
306 122.997 128.678
307 124.488 142.084
308 128.843 99.495
309 127.641 332.628
310 128.398 237.718
311 132.521 171.091
312 133.502 230.406
313 134.588 49.4578
314 133.477 259.985
315 135.662 267.664
316 136.064 223.066
317 137.717 238.08
318 140.567 508.425
319 142.689 220.064
320 142.585 260.71
321 149.058 121.754
322 153.14 102.211
323 152.621 303.719
324 155.597 190.586
325 157.164 147.098
326 160.593 249.687
327 163.739 240.748
328 167.598 176.099
329 168.582 192.391
330 169.839 302.028
331 170.146 276.98
332 171.567 211.175
333 174.985 147.392
334 180.868 240.899
335 181.413 292.183
336 186.5 625.273
337 192.871 233.827
338 194.453 224.027
339 197.06 289.465
340 201.159 297.959
341 204.273 614.773
342 206.769 305.132
343 220.212 643.795
344 243.453 213.216
345 243.857 317.015
346 251.115 219.859
347 251.567 212.671
348 255.974 256.183
349 259.084 88.445
350 272.887 201.911
351 272.169 580.799
352 281.364 165.481
353 283.817 248.688
354 286.149 130.921
355 284.555 582.993
356 289.725 677.038
357 293.113 167.495
358 293.535 282.462
359 295.52 117.905
360 293.858 487.604
361 296.262 85.3553
362 298.457 322.943
363 301.188 205.359
364 303.33 490.42
365 311.311 85.9634
366 313.814 232.688
367 315.232 70.255
368 315.223 197.581
369 318.434 208.173
370 320.109 148.172
371 322.296 640.366
372 323.938 522.08
373 334.377 203.656
374 336.031 278.808
375 341.161 246.808
376 345.328 149.646
377 346.552 253.381
378 359.334 236.75
379 359.944 512.221
380 363.265 263.96
381 366.796 318.129
382 367.187 408.981
383 371.908 233.542
384 371.908 233.542
385 371.607 330.556
386 372.267 299.71
387 377.467 252.701
388 377.93 140.005
389 378.725 262.775
390 379.288 189.993
391 380.591 219.529
392 380.543 316.343
393 380.776 299.906
394 382.066 359.271
395 383.786 159.265
396 383.454 288.017
397 388.652 524.839
398 392.167 369.893
399 394.359 233.618
400 396.059 265.262
401 396.866 352.535
402 398.402 247.382
403 399.84 121.272
404 402.162 514.471
405 404.322 133.058
406 405.049 258.505
407 405.557 333.179
408 405.589 352.407
409 408.12 185.594
410 408.904 193.591
411 411.403 152.656
412 411.858 204.558
413 412.17 144.052
414 412.17 144.052
415 414.394 522.699
416 416.73 447.374
417 416.792 494.788
418 418.344 234.954
419 419.687 331.355
420 420.52 213.742
421 424.197 313.294
422 425.16 277.144
423 430.859 288.301
424 430.829 788.886
425 433.629 107.717
426 435.845 526.101
427 436.879 180.597
428 440.672 210.805
429 443.101 202.765
430 443.215 138.891
431 444.12 167.935
432 446.163 268.807
433 446.361 277.554
434 447.357 353.139
435 447.529 157.526
436 448.74 223.734
437 449.639 284.954
438 451.067 118.738
439 452.482 290.812
440 453.042 246.485
441 456.368 203.805
442 457.846 212.253
443 458.032 296.45
444 458.331 325.621
445 458.475 335.96
446 458.877 127.962
447 459.173 141.375
448 459.171 278.975
449 459.171 278.975
450 460.022 319.614
451 462.812 360.863
452 463.983 256.551
453 465.399 311.239
454 465.615 283.357
455 466.107 116.423
456 466.565 330.653
457 466.675 351.904
458 469.184 303.282
459 470.262 234.33
460 470.832 170.143
461 475.124 155.275
462 476.298 376.451
463 478.25 277.823
464 478.648 254.402
465 482.844 189.98
466 484.223 124.02
467 485.404 215.3
468 486.558 230.65
469 487.494 196.103
470 487.659 164.227
471 488.832 115.697
472 490.608 292.148
473 492.379 330.015
474 492.775 338.757
475 492.833 358.342
476 493.652 175.138
477 496.564 120.783
478 497.777 200.56
479 503.726 384.789
480 504.896 681.971
481 507.113 300.688
482 508.146 346.481
483 509.974 369.766
484 509.983 105.211
485 510.468 225.602
486 511.009 252.764
487 513.303 394.302
488 513.296 358.691
489 514.953 276.032
490 515.634 115.761
491 517.557 346.563
492 518.998 401.313
493 519.446 299.194
494 519.526 337.521
495 519.856 352.864
496 521.702 124.229
497 522.144 284.149
498 524.016 247.72
499 526.366 193.41
500 527.796 292.339
501 528.566 277.235
502 529.687 318.117
503 529.993 358.425
504 530.193 389.456
505 531.992 241.363
506 531.992 241.363
507 532.396 264.19
508 532.072 139.174
509 534.11 803.224
510 536.068 210.298
511 538.153 248.374
512 540.2 283.538
513 546.591 145.964
514 547.326 354.228
515 547.831 807.519
516 547.937 202.428
517 547.937 202.428
518 549.073 231.097
519 549.019 179.604
520 550.394 382.649
521 550.887 179.247
522 559.08 322.82
523 559.082 299.182
524 560.489 815.782
525 560.384 310.17
526 560.939 782.941
527 561.405 407.628
528 561.319 224.566
529 563.733 278.065
530 566.001 255.241
531 567.82 401.656
532 567.747 230.844
533 568.631 344.591
534 568.918 391.936
535 570.557 321.36
536 572.417 291.391
537 572.971 300.759
538 574.325 309.751
539 574.868 280.977
540 576.825 273.943
541 577.479 307.605
542 577.334 246.774
543 579.931 148.728
544 582.565 138.02
545 583.79 186.307
546 584.488 240.988
547 584.996 264.663
548 586.5 400.915
549 588.203 347.94
550 587.964 273.074
551 588.023 277.814
552 588.635 124.681
553 591.305 363.124
554 591.186 216.818
555 594.478 371.629
556 594.016 104.478
557 596.75 297.779
558 596.59 187.998
559 598.927 266.357
560 600.088 250.732
561 601.369 378.654
562 601.369 378.654
563 601.205 330.354
564 601.918 422.702
565 601.418 303.903
566 602.939 178.038
567 610.486 820.802
568 611.118 442.174
569 614.19 371.555
570 616.445 221.511
571 618.179 595.81
572 618.546 243.523
573 619.802 379.158
574 622.495 410.462
575 623.165 368.632
576 624.019 453.331
577 623.815 253.196
578 625.297 436.441
579 628.092 264.372
580 628.283 272.259
581 629.342 428.774
582 629.343 378.442
583 629.343 378.442
584 629.742 354.739
585 630.764 445.968
586 633.284 258.646
587 633.284 258.646
588 634.305 387.796
589 633.353 122.744
590 634.768 201.556
591 638.265 581.934
592 639.294 328.309
593 640.307 276.048
594 641.246 422.248
595 640.323 138.057
596 642.437 340.83
597 642.718 348.559
598 647.773 253.937
599 647.883 202.854
600 648.329 168.029
601 649.687 315.71
602 650.12 336.515
603 656.529 242.801
604 658.54 261.85
605 661.832 300.396
606 662.391 183.54
607 663.342 210.595
608 664.354 224.214
609 668.462 251.952
610 668.966 231.463
611 670.587 162.809
612 675.713 791.215
613 675.182 239.218
614 676.432 232.715
615 677.396 267.765
616 679.81 216.681
617 681.808 723.841
618 683.757 318.17
619 685.649 242.756
620 689.55 191.403
621 692.3 218.183
622 693.278 271.563
623 699.857 277.868
624 699.868 166.716
625 699.368 73.6588
626 699.649 117.456
627 700.549 225.503
628 700.449 184.932
629 702.223 359.679
630 702.016 102.742
631 703.58 296.823
632 706.336 247.931
633 706.309 130.484
634 709.602 278.098
635 709.706 39.0925
636 711.168 208.694
637 715.419 341.459
638 716.101 221.364
639 718.015 86.3509
640 719.988 296.395
641 727.053 334.886
642 727.47 221.442
643 732.981 310.027
644 733.675 259.593
645 735.427 291.044
646 735.226 131.765
647 736.828 268.035
648 738.551 223.266
649 739.807 252.554
650 739.996 234.839
651 739.17 70.2828
652 742.712 199.479
653 743.969 118.977
654 749.058 315.885
655 755.145 272.354
656 754.801 53.3712
657 762.731 235.882
658 763.421 318.902
659 765.733 190.085
660 766.591 254.026
661 771.326 278.814
662 772.805 177.686
663 774.029 288.933
664 774.801 245.572
665 774.923 66.5914
666 779.939 354.149
667 779.685 192.071
668 780.858 295.852
669 780.792 131.908
670 785.521 341.236
671 784.827 183.337
672 785.384 228.524
673 786.356 84.6075
674 789.227 213.35
675 793.31 97.7842
676 797.784 359.645
677 798.18 371.85
678 802.361 288.742
679 817.419 374.946
680 817.782 334.354
681 819.212 267.76
682 821.455 288.024
683 823.022 255.094
684 824.304 330.957
685 829.597 348.993
686 831.461 248.875
687 830.764 88.6014
688 835.611 273.622
689 839.353 320.551
690 841.895 97.7199
691 843.666 155.486
692 846.198 270.092
693 850.12 365.897
694 857.759 118.381
695 861.382 193.999
696 863.751 39.642
697 865.108 212.86
698 883.417 342.3
699 884.522 174.057
700 893.71 125.948
701 895.124 326.773
702 896.116 309.263
703 904.994 281.695
704 910.074 165.854
705 910.089 154.499
706 910.836 101.878
707 940.157 401.814
708 944.312 312.997
Visibility for camera firetruck (18).jpg
364
299 121.145 662.265
336 217.886 680.613
351 317.655 621.016
355 333.207 622.792
356 340.643 719.86
364 355.589 521.301
371 377.291 677.157
372 379.113 553.014
380 22.7851 323.442
381 35.4992 378.118
382 395.895 430.173
383 25.8645 291.785
385 42.2415 390.297
386 37.7287 358.226
387 33.7399 310.064
389 37.5113 320.173
390 26.453 245.999
391 33.2664 277.077
392 49.8106 373.957
393 47.5014 357.275
394 59.0883 418.044
395 24.7764 215.38
396 47.059 345.723
397 455.233 546.473
398 71.225 427.471
399 49.0979 289.684
400 55.2582 321.122
401 73.7375 410.034
402 56.0374 303.106
403 35.696 174.672
405 42.019 187.838
406 64.7168 313.428
407 79.0512 388.339
408 82.401 407.355
411 52.2828 205.711
412 62.6044 257.666
413 52.1957 197.216
415 484.423 541.58
416 467.939 463.029
417 481.843 511.287
418 73.0372 288.556
419 92.4523 385.356
420 72.1982 266.079
421 94.7224 367.271
422 89.0257 329.767
423 97.2677 340.828
424 517.486 813.634
425 67.9083 158.874
426 508.107 541.618
428 92.6645 261.321
429 93.7234 253.055
430 81.9904 189.533
433 110.56 327.707
435 90.8929 208.126
436 104.169 273.706
437 115.373 334.885
438 86.7978 167.551
439 118.804 341.078
440 110.951 297.299
441 107.595 253.478
442 110.681 262.034
443 128.405 345.35
444 132.361 375.811
445 133.339 384.582
446 97.6022 176.153
447 100.337 190.17
448 124.351 328.727
449 124.351 328.727
450 132.856 369.011
452 124.946 305.544
454 130.763 332.502
455 102.075 164.553
456 141.267 380.106
459 126.063 281.854
460 117.469 217.615
463 141.974 325.531
464 139.422 301.307
466 123.486 170.382
467 140.224 261.307
468 143.694 277.08
471 126.313 161.979
476 142.271 220.346
477 135.081 165.257
478 149.476 245.746
481 176.785 345.023
484 144.566 150.874
486 173.644 296.818
489 180.227 319.511
493 189.017 342.388
496 159.096 168.079
497 189.666 327.128
498 185.203 290.757
499 178.43 236.302
501 195.77 319.37
505 192.35 283.208
506 192.35 283.208
507 196.956 305.953
508 173.602 181.459
509 626.858 814.524
510 190.607 252.489
511 199.969 289.898
512 207.76 324.273
513 189.028 186.012
515 640.858 815.685
516 200.998 242.941
517 200.998 242.941
518 208.104 271.994
521 200.581 218.972
523 229.923 338.865
526 653.065 789.075
528 218.53 263.936
530 228.735 293.907
532 226.625 269.71
535 244.407 359.446
536 242.118 329.706
537 243.268 339.054
538 246.255 347.724
540 244.23 310.607
542 238.066 284.437
543 225.504 187.144
544 225.586 175.552
545 234.257 222.792
546 245.2 277.831
552 228.008 161.211
556 229.489 141.352
557 267.393 333.984
558 247.202 223.704
559 262.91 301.243
560 262.699 287.526
565 271.979 339.557
566 253.505 213.223
567 706.826 820.456
571 701.866 587.784
572 279.55 277.725
577 287.344 286.215
579 293.027 296.007
580 293.637 304.276
586 296.507 290.567
587 296.507 290.567
589 273.347 156.071
590 289.163 233.954
591 713.452 573.234
593 306.869 308.285
595 283.942 170.949
596 320.952 372.02
597 322.515 379.057
598 310.756 284.829
599 302.152 234.064
600 295.632 198.914
601 323.408 345.969
602 328.024 366.217
603 317.693 273.251
606 312.335 214.98
607 318.706 241.282
608 321.756 254.003
609 330.687 280.803
610 326.392 260.256
611 319.806 191.787
612 756.857 782.091
613 336.52 267.235
614 335.634 261.88
616 335.643 245.28
618 358.007 345.088
619 346.583 270.189
620 340.55 219.488
621 347.317 245.449
622 356.623 298.437
623 364.481 303.298
624 345.835 193.658
625 330.153 102.481
626 338.273 145.341
628 351.646 211.955
629 383.006 384.787
630 337.273 130.668
631 373.812 322.083
632 368.687 273.245
633 346.252 156.945
634 375.012 301.817
635 333.529 67.4871
636 365.793 235.381
637 393.242 365.415
639 350.24 113.592
640 389.148 319.657
641 403.701 357.321
642 383.614 245.757
643 405.215 332.343
644 396.915 282.403
645 402.192 311.353
646 374.569 156.074
647 399.824 291.651
648 394.714 246.283
649 402.008 275.029
650 397.574 257.065
651 367.888 96.0664
652 396.131 223.391
653 382.959 143.307
654 421.569 335.908
655 420.764 293.788
656 379.367 78.0668
657 420.566 256.617
658 435.806 338.061
659 415.65 210.929
660 427.219 273.835
661 436.64 298.692
662 419.134 199.905
664 434.191 264.998
665 399.536 89.7186
666 458.307 370.827
667 430 212.112
668 449.094 311.956
669 421.032 152.074
670 461.693 356.731
671 431.787 203.265
672 441.074 246.616
673 418.271 105.951
675 427.132 117.959
676 477.597 373.169
677 478.595 386.171
678 468.866 304.71
679 498.526 387.742
680 491.448 347.341
681 480.456 282.806
682 486.494 302.561
683 482.549 270.214
684 497.579 343.357
685 505.332 360.7
686 488.097 263.245
687 460.37 105.787
688 497.323 286.597
689 508.741 331.626
690 471.056 115.891
691 484.686 171.178
692 507.344 281.411
693 527.407 374.864
694 490.961 133.308
695 508.722 206.544
696 483.961 56.4324
697 515.571 224.544
698 555.473 348.772
699 525.773 185.588
700 527.861 139.208
701 563.89 332.102
702 560.487 315.557
703 563.453 287.024
704 550.778 174.515
705 546.962 163.703
706 539.118 112.999
707 620.086 400.963
708 607.346 314.81
709 31.9332 231.653
710 34.3968 166.07
711 34.914 515.663
712 35.3158 482.208
713 36.7592 269.127
714 36.2163 385.705
715 46.2069 442.652
716 47.5237 485.58
717 47.9926 467.359
718 52.2759 478.274
719 63.0255 504.514
720 68.8473 513.088
721 71.8102 438.175
722 81.0823 326.95
723 91.9048 507.889
724 111.118 466.477
725 133.372 186.973
726 133.817 211.837
727 135.423 337.738
728 135.894 668.992
729 143.873 293.107
730 153.856 214.229
731 159.704 325.967
732 165.996 547.379
733 168.265 674.941
734 176.457 549.155
735 210.231 288.658
736 211.116 208.279
737 212.432 687.293
738 221.143 447.064
739 237.803 425.536
740 240.154 217.776
741 265.8 242.053
742 274.203 189.923
743 275.634 259.674
744 302.714 709.29
745 305.136 321.23
746 309.016 312.391
747 311.669 156.746
748 315.898 176.021
749 315.207 514.293
750 316.008 507.968
751 324.781 515.199
752 326.937 705.295
753 331.453 685.935
754 334.973 690.804
755 339.151 184.712
756 340.568 628.162
757 347.581 234.365
758 350.639 706.582
759 368.224 282.925
760 383.688 254.733
761 405.126 529.063
762 411.196 182.803
763 413.581 305.555
764 414.93 446.605
765 420.353 235.437
766 452.576 263.209
767 452.82 535.71
768 462.191 456.364
769 468.866 304.71
770 471.599 787.297
771 473.054 328.073
772 480.24 792.335
773 495.961 790.73
774 508.237 186.022
775 582.52 285.067
776 585.438 691.749
777 590.521 755.912
778 597.031 764.55
779 598.382 239.422
780 599.76 270.599
781 602.43 189.808
782 602.763 244.337
783 606.408 206.259
784 610.024 218.584
785 613.832 272.709
786 619.708 671.324
787 619.708 671.324
788 619.53 208.111
789 620.615 196.818
790 623.995 322.128
791 636.38 775.671
792 637.682 334.977
793 644.591 270.466
794 659.96 314.249
795 659.317 200.102
796 659.493 191.654
797 660.85 270.052
798 665.475 375.691
799 665.702 409.597
800 666.859 328.032
801 675.656 784.343
802 674.633 220.949
803 681.612 244.467
804 684.573 345.591
805 687.487 698.945
806 698.213 308.283
807 707.746 300.772
808 727.439 308.307
809 743.883 313.129
810 752.885 236.549
811 753.51 250.416
812 756.111 197.504
813 756.112 174.01
814 758.454 370.996
815 757.725 186.13
816 760.485 855.049
817 759.266 117.599
818 763.003 149.55
819 768.11 208.454
820 775.208 112.18
821 781.197 253.193
822 783.366 260.815
823 796.432 113.79
Visibility for camera firetruck (19).jpg
245
336 224.83 692.224
341 251.107 674.672
343 274.085 704.94
351 338.206 619.591
355 355.857 620.715
356 363.474 723.786
360 372.042 507.625
364 383.93 508.471
371 404.875 675.238
372 408.051 540.33
379 456.68 520.888
382 405.937 410.074
397 494.779 528.611
404 510.222 513.746
415 526.589 521.558
416 496.2 440.456
424 569.101 808.331
426 552.28 519.229
509 680.268 800.655
515 694.03 800.397
524 712.363 805.813
526 705.107 771.064
561 24.4866 439.534
564 39.8934 483.639
567 760.708 799.399
568 52.5144 501.697
569 35.2454 430.321
575 43.8505 425.312
579 18.7756 319.649
580 20.116 328.371
582 53.2455 434.842
583 53.2455 434.842
584 47.5275 410.835
586 21.0592 314.025
587 21.0592 314.025
592 49.4546 382.149
593 34.5223 330.905
596 55.649 395.165
597 57.4998 402.881
598 35.5423 307.165
599 21.7091 256.59
601 55.6557 368.88
602 61.2547 389.218
603 41.5801 295.157
604 49.8614 313.121
605 63.2824 349.758
608 43.797 275.22
609 56.5524 302.161
610 49.1485 281.786
611 36.4901 212.67
613 60.7312 288.07
614 60.4897 281.494
615 70.4497 316.598
618 91.0902 365.754
619 71.1838 290.457
620 60.7438 238.766
621 70.2353 264.924
622 86.4686 318.473
623 94.1052 322.887
624 64.2499 212.005
625 37.8351 121.365
626 49.6539 164.748
627 82.3942 271.085
628 70.2145 230.344
630 48.4192 149.735
632 95.0484 292.304
633 60.3203 176.279
634 104.392 321.837
635 36.2227 86.0046
636 87.8736 254.31
638 96.5786 264.597
639 58.7333 131.996
640 121.286 338.326
642 108.234 263.439
644 124.703 300.31
646 89.0321 172.777
647 129.922 308.284
648 120.044 264.05
649 130.092 292.866
650 125.541 275.009
651 74.8631 113.517
652 117.821 240.882
653 96.2195 160.751
655 151.426 310.138
656 86.2561 95.0665
657 146.893 273.083
659 136.532 227.101
660 157.4 289.295
661 167.652 314.997
662 139.068 214.763
663 174.403 323.404
664 162.064 280.87
665 109.441 105.323
667 151.527 227.411
668 182.131 327.676
669 137.74 167.465
671 153.555 218.368
672 167.242 261.967
673 128.8 121.098
674 166.595 247.232
675 139.084 132.941
681 212.012 296.909
682 218.674 316.479
686 216.452 276.487
687 171.926 119.939
688 228.582 299.982
689 245.954 345.046
690 184.531 127.668
691 204.535 184.769
694 206.705 146.095
696 191.762 69.6754
697 240.459 237.067
699 248.807 196.47
700 247.076 150.524
701 302.302 343.037
702 296.848 326.512
703 297.166 297.237
704 272.853 185.65
705 265.322 175.055
706 255.063 125.479
708 343.383 322.036
723 83.8097 512.914
724 106.439 465.335
728 131.711 686.668
732 168.441 550.747
733 168.911 690.374
734 180.472 551.926
737 219.279 700.364
738 221.944 438.686
739 232.393 415.47
744 321.836 716.414
745 33.5054 344.462
746 37.2323 334.933
747 23.7042 176.088
748 30.0443 196.733
749 339.329 503.664
751 349.835 504.802
752 348.104 709.718
753 353.862 687.85
754 357.785 692.816
755 56.0589 203.658
756 363.55 625.095
757 69.6127 253.742
758 376.042 708.817
759 95.5844 301.965
760 108.088 272.901
761 439.016 513.716
762 128.492 198.576
763 145.552 322.349
764 436.334 426.043
765 144.158 251.743
766 181.441 278.48
767 491.753 517.365
768 490.318 433.647
769 203.321 319.914
770 514.055 784.91
771 208.935 342.074
772 523.507 789.693
773 538.962 786.097
774 230.311 198.199
775 315.668 294.856
776 632.397 672.378
777 636.437 741.031
778 645.322 751.047
779 326.9 247.939
780 331.381 279.553
781 324.278 199.447
782 331.25 253.073
783 331.393 213.994
784 335.847 227.047
785 345.617 280.796
788 344.047 216.181
789 343.663 205.517
790 360.079 329.41
791 686.185 758.278
792 376.329 341.956
793 375.987 277.492
794 397.397 320.587
795 383.2 206.86
796 380.483 198.617
797 392.637 275.894
800 404.573 333.445
801 727.427 764.045
802 400.803 227.184
803 410.563 250.378
804 424.319 350.343
805 740.144 673.728
806 433.763 312.622
807 442.198 304.949
808 463.144 311.76
809 478.637 316.314
810 480.772 238.757
811 480.883 253.298
812 478.598 200.874
813 476.015 177.594
814 499.544 372.534
815 478.16 189.442
816 823.789 830.385
817 471.986 121.607
818 479.182 152.954
819 492.159 211.234
820 488.115 115.931
821 508.934 254.697
822 512.817 262.17
823 504.517 117.534
824 25.7296 563.523
825 27.5274 323.056
826 29.2619 508.309
827 30.2979 570.529
828 42.6888 519.407
829 45.4175 560.373
830 46.489 529.872
831 53.0639 557.473
832 119.468 475.848
833 132.425 547.269
834 137.652 477.422
835 144.506 547.985
836 145.614 667.56
837 145.794 662.145
838 152.156 706.732
839 155.788 479.019
840 271.681 694.524
841 272.916 528.206
842 273.814 558.629
843 293.746 582.278
844 329.334 695.551
845 329.334 695.551
846 333.147 577.52
847 335.516 720.895
848 348.104 709.718
849 352.346 692.88
850 359.418 505.718
851 378.661 682.783
852 426.281 407.756
853 432.014 777.183
854 504.594 519.271
855 510.222 513.746
856 646.885 753.156
857 651.638 656.898
858 695.818 535.12
859 736.798 799.2
860 750.83 675.606
861 753.535 557.245
862 784.635 782.133
863 828.707 848.373
Visibility for camera firetruck (2).jpg
101
8 298.084 645.793
9 228.103 430.085
21 371.343 387.093
24 490.249 653.092
25 467.879 514.157
33 549.176 610.271
240 314.757 349.291
245 464.277 699.43
247 483.355 659.49
251 497.416 674.384
255 227.647 246.831
257 280.082 255.11
258 314.619 266.045
864 395.576 274.763
865 416.228 307.538
866 418.54 267.768
867 418.884 161.727
868 425.142 176.78
869 425.387 277.912
870 428.673 341.797
871 431.383 253.135
872 434.049 269.547
873 434.72 143.55
874 447.661 271.421
875 452.411 24.8201
876 453.738 199.635
877 454.118 250.033
878 454.966 127.055
879 457.819 278.273
880 458.268 214.009
881 461.379 78.973
882 461.408 300.169
883 462.068 289.422
884 478.336 354.379
885 479.272 342.739
886 481.729 230.278
887 483.785 274.132
888 491.271 45.8286
889 491.452 168.479
890 501.4 147.37
891 504.656 298.685
892 507.358 92.0884
893 509.285 167.82
894 512.468 216
895 512.768 339.022
896 516.667 327.299
897 522.598 166.318
898 523.426 304.149
899 524.215 188.031
900 532.26 329.013
901 533.098 246.671
902 533.76 265.884
903 534.134 400.142
904 535.102 172.599
905 537.248 258.745
906 540.496 300.042
907 540.376 212.72
908 541.548 268.936
909 549.125 280.659
910 555.695 211.044
911 561.428 189.407
912 563.631 276.434
913 571.33 304.976
914 572.169 297.517
915 802.552 479.577
916 813.083 494.648
917 821.067 398.431
918 844.16 534.542
919 848.349 482.416
920 850.977 538.013
921 851.602 490.895
922 854.011 504.329
923 854.791 474.143
924 856.181 452.388
925 861.02 360.448
926 864.356 483.178
927 870.762 516.191
928 873.178 496.405
929 872.925 352.859
930 874.943 491.034
931 876.445 321.019
932 877.364 406.095
933 882.656 485.205
934 883.153 432.679
935 884.452 548.108
936 885.273 409.128
937 889.38 500.166
938 891.245 412.902
939 893.232 463.811
940 895.174 472.803
941 899.525 445.872
942 901.958 527.985
943 906.092 414.617
944 909.958 434.265
945 914.965 322.105
946 918.136 508.733
947 921.401 330.591
948 921.642 294.822
949 923.216 524.684
950 929.047 453.457
951 928.619 373.408
Visibility for camera firetruck (20).jpg
86
355 421.43 673.255
356 434.595 761.004
372 470.354 589.971
404 570.115 544.509
417 571.079 517.835
424 649.37 792.017
426 609.841 539.526
509 737.542 753.633
515 749.629 749.977
733 240.097 780.456
737 292.755 776.873
744 395.454 766.018
750 405.264 567.492
758 448.575 745.562
764 466.864 468.809
773 613.179 776.525
777 691.489 710.588
786 715.116 625.353
787 715.116 625.353
816 869.781 747.372
832 180.69 599.148
833 196.134 661.511
834 199.611 596.351
835 208.127 659.456
836 215.445 765.701
838 213.662 795.817
839 218.658 593.571
840 345.171 758.182
841 334.666 608.778
842 340.833 636.782
843 361.358 652.828
844 403.352 746.259
845 403.352 746.259
846 397.098 638.438
848 420.375 753.332
850 424.725 570.682
852 436.108 447.625
853 513.966 795.445
854 565.307 550.432
855 570.115 544.509
856 702.821 719.588
857 700.21 635.35
858 728.768 518.72
859 784.316 737.283
861 784.921 526.815
952 141.255 773.997
953 152.406 539.939
954 191.579 770.097
955 208.178 823.984
956 210.633 818.669
957 233.031 656.175
958 245.584 654.756
959 258.013 639.903
960 258.149 653.078
961 316.008 763.85
962 315.985 659.917
963 326.384 687.592
964 327.593 639.56
965 404.849 740.855
966 405.171 537.33
967 418.927 805.97
968 421.43 673.255
969 427.35 620.048
970 428.595 674.639
971 439.387 532.605
972 447.863 468.335
973 466.487 673.86
974 485.334 558.407
975 493.546 740.272
976 496.263 499.799
977 514.344 558.236
978 518.226 785.622
979 528.926 471.229
980 542.718 575.917
981 548.2 548.491
982 570.95 785.701
983 583.859 780.386
984 663.652 768.451
985 665.649 532.406
986 692.727 773.485
987 710.042 454.597
988 781.72 695.431
989 785.148 789.146
990 789.607 775.294
991 793.472 627.973
992 811.331 544.518
Visibility for camera firetruck (21).jpg
106
318 139.414 613.448
336 219.707 729.727
343 274.554 733.346
355 352.365 634.615
360 363.948 516.665
364 377.044 515.484
371 406.593 680.745
379 452.678 516.499
397 491.928 517.812
404 506.87 500.274
415 523.426 505.333
416 471.979 425.188
424 594.038 783.681
426 549.728 498.954
509 695.227 754.837
515 708.549 751.819
526 715.558 720.748
724 75.7129 517.909
733 160.208 738.599
737 215.607 739.488
739 182.616 440.661
744 325.442 736.914
749 329.445 518.213
751 340.269 517.709
754 361.599 706.201
756 360.125 637.414
758 381.73 719.312
761 434.09 512.017
764 406.332 419.48
770 532.563 769.422
772 544.335 773.044
773 557.14 767.323
776 637.397 637.526
777 646.484 703.902
786 669.926 608.585
787 669.926 608.585
791 694.369 711.643
798 23.4989 324.897
799 33.0718 360.279
801 734.439 710.483
805 741.294 619.788
806 33.5067 250.682
808 64.2676 243.417
809 80.826 248.006
810 67.7429 166.085
812 53.3708 128.202
813 47.3502 104.916
814 115.252 303.011
815 50.3532 116.989
816 838.972 757.719
817 28.9781 45.3106
818 43.5031 77.8472
819 70.9487 136.972
820 45.9418 38.3891
821 96.6463 180.095
822 105.393 186.341
823 60.7227 36.8258
832 91.6859 526.105
833 109.817 598.171
834 111.536 524.765
835 123.012 597.531
836 133.29 719.704
840 271.432 723.505
841 257.49 553.426
842 263.398 585.263
843 285.812 605.846
844 332.385 714.588
845 332.385 714.588
846 326.252 594.293
847 340.041 738.936
848 351.909 725.483
849 356.025 707.703
850 350.523 516.831
851 380.851 692.238
854 501.286 506.642
855 506.87 500.274
856 656.713 713.256
857 653.882 618.768
858 685.41 491.373
860 751.472 620.017
861 745.055 503.317
862 784.432 716.737
863 852.188 775.204
954 107.39 721.237
955 124.821 783.077
957 149.223 596.159
958 162.46 595.459
959 175.736 581.905
961 240.985 726.951
964 248.419 586.289
965 333.923 708.594
968 352.365 634.615
970 360.125 637.414
972 388.648 420.093
973 399.917 640.373
975 432.926 718.287
976 435.396 454.159
977 446.973 511.163
986 642.869 769.716
988 743.263 692.827
991 756.999 619.305
992 775.257 526.304
993 135.813 776.611
994 137.877 731.741
995 229.938 650.298
996 800.679 727.37
Visibility for camera firetruck (22).jpg
81
341 469.333 743.666
371 591.867 655.6
404 674.539 447.005
426 705.301 431.652
509 816.844 618.357
733 395.431 809.201
749 537.258 527.604
816 921.895 573.285
832 340.036 625.478
834 357.377 616.119
836 373.277 801.659
839 374.58 606.993
840 489.557 746.683
853 647.692 730.439
854 670.607 455.458
855 674.539 447.005
857 773.017 508.651
952 266.171 844.164
953 272.731 573.522
954 351.385 814.759
955 375.865 868.265
956 374.352 861.057
957 386.571 673.816
958 397.691 667.931
960 408.645 661.764
962 460.941 649.648
963 469.996 677.788
964 470.868 623.949
965 542.047 710.536
966 522.624 491.024
969 549.543 574.58
971 551.856 475.788
974 606.471 488.539
976 579.853 424.417
978 642.84 719.764
979 603.966 386.475
980 650.968 488.776
981 656.353 458.16
982 692.382 702.297
983 700.463 691.735
984 762.107 655.205
985 746.748 410.498
986 791.798 650.576
987 722.691 325.453
989 880.784 635.51
990 876.513 622.195
992 849.388 383.857
993 377.55 857.012
994 377.94 811.852
995 455.012 693.596
997 162.383 756.628
998 201.167 790.803
999 220.255 805.182
1000 249.693 505.462
1001 261.899 772.278
1002 268.263 822.038
1003 283.117 827.127
1004 313.466 604.83
1005 363.874 685.67
1006 375.493 679.831
1007 383.098 597.525
1008 422.458 834.869
1009 495.349 427.289
1010 510.981 645.932
1011 517.904 655.482
1012 525.409 450.411
1013 560.274 553.33
1014 599.151 363.655
1015 669.195 418.989
1016 676.528 440.388
1017 716.697 700.794
1018 737.492 342.397
1019 741.637 354.162
1020 795.245 643.084
1021 822.115 638.333
1022 835.503 579.391
1023 851.621 511.826
1024 869.151 397.13
1025 894.095 634.114
1026 904.806 571.498
1027 914.091 600.305
Visibility for camera firetruck (23).jpg
100
341 389.107 777.302
343 414.869 795.056
355 481.395 679.211
364 506.152 560.173
371 531.158 708.207
404 621.847 514.154
415 636.767 514.927
426 659.005 502.323
509 791.372 704.692
733 307.027 829.627
744 462.302 782.139
749 462.92 574.333
753 490.09 742.787
756 487.636 679.394
777 743.537 668.495
816 915.207 674.012
832 239.474 642.984
834 258.658 636.637
836 281.81 818.855
837 281.751 814.659
838 274.898 852.776
839 277.901 629.952
840 412.387 784.01
841 391.684 625.489
843 422.787 668.375
845 469.708 760.369
850 482.104 568.105
851 510.729 726.123
852 454.762 437.332
853 585.648 790.551
854 616.999 521.64
855 621.847 514.154
857 745.441 588.236
860 825.796 566.301
861 816.502 461.705
952 187.782 844.962
953 188.928 585.605
954 257.278 828.03
955 280.726 883.217
956 281.356 876.422
957 294.307 696.754
958 306.9 692.298
959 318.281 673.76
960 319.149 688.077
961 382.996 796.347
962 378.128 684.767
963 389.542 712.256
964 389.785 659.055
965 470.904 754.615
966 454.297 536.74
967 493.075 820.325
968 481.395 679.211
969 483.703 620.995
970 487.636 679.394
971 487.754 525.666
972 475.661 457.026
973 525.081 672.547
974 541.95 544.653
975 553.64 737.793
976 532.754 481.019
977 568.94 539.271
979 561.785 446.328
980 595.13 553.272
981 600.888 522.721
983 649.691 760.867
984 723.502 733.612
985 708.802 486.741
986 755.022 732.861
987 718.789 400.584
989 850.902 730.713
990 850.281 716.229
991 831.269 564.457
992 841.586 473.948
994 286.308 829.436
995 373.037 727.425
996 866.89 651.13
999 158.432 803.335
1000 196.679 520.7
1002 197.873 824.105
1004 214.362 619.496
1005 269.458 704.933
1006 281.855 700.801
1007 287.15 621.904
1008 336.499 857.98
1009 443.837 472.988
1010 437.729 687.251
1011 445.736 697.114
1012 469.502 499.92
1013 491.875 603.938
1015 620.568 485.585
1016 624.877 507.545
1019 728.756 432.111
1020 760.49 726.542
1022 816.49 667.943
1023 840.109 603.409
1024 863.552 489.849
1025 864.414 730.432
1026 896.365 670.209
1027 896.765 699.935
1028 532.619 813.687
Visibility for camera firetruck (24).jpg
57
89 179.625 754.945
343 526.547 740.77
371 606.526 615.184
415 685.66 378.63
426 698.431 361.691
509 790.215 545.864
837 428.145 799.491
853 663.612 685.753
854 672.624 389.543
952 307.231 870.983
955 434.612 875.967
956 431.072 868.395
958 448.199 654.907
960 457.744 646.563
965 569.748 680.679
974 621.053 431.611
976 574.739 368.889
978 655.031 675.481
979 593.492 326.327
982 699.815 649.761
984 750.195 591.975
986 777.497 581.625
989 858.614 552.581
993 431.997 864.668
997 158.733 797.759
999 241.687 838.581
1000 252.893 502.442
1001 275.039 795.481
1002 300.478 847.273
1003 319.552 850.201
1004 372.472 597.274
1005 420.39 679.6
1006 429.881 671.134
1007 438.29 578.465
1008 471.932 832.698
1009 495.248 384.195
1010 540.004 615.344
1011 546.481 625.846
1012 529.27 402.462
1013 581.731 509.399
1014 579.923 302.611
1015 665.865 351.382
1016 677.069 372.788
1017 722.109 643.948
1018 691.247 267.626
1019 697.394 279.641
1020 778.272 573.803
1021 802.601 564.316
1022 800.681 502.451
1023 807.833 430.032
1024 819.188 309.073
1025 870.358 549.714
1027 877.529 513.365
1028 630.343 724.819
1029 310.927 750.696
1030 480.807 334.079
1031 858.62 537.446
Visibility for camera firetruck (25).jpg
24
89 249.959 803.046
259 254.313 803.881
978 625.82 617.882
1001 365.222 807.948
1002 420.473 844.651
1003 440.831 842.319
1009 490.465 368.192
1014 514.838 286.738
1017 662.881 576.612
1018 552.47 248.825
1021 683.778 499.236
1029 435.46 741.169
1031 712.964 464.351
1032 368.538 787.47
1033 393.032 496.221
1034 493.092 857.623
1035 521.557 506.627
1036 521.557 506.627
1037 540.516 356.667
1038 544.388 247.807
1039 549.616 844.074
1040 575.632 360.101
1041 581.911 340.755
1042 602.609 313.045
Visibility for camera firetruck (26).jpg
25
89 310.75 912.267
117 324.94 833.141
259 314.838 911.802
997 335.818 956.047
1002 507.686 932.153
1003 528.094 926.494
1030 451.1 380.015
1031 659.457 471.723
1032 446.314 880.588
1033 459.468 570.951
1034 588.504 935.338
1035 602.903 568.001
1036 602.903 568.001
1037 551.021 395.543
1038 496.708 269.483
1039 640.823 910.99
1040 590.561 395.622
1041 587.016 372.872
1042 597.68 341.421
1043 319.513 884.223
1044 325.437 795.125
1045 350.282 857.456
1046 487.3 379.717
1047 505.402 269.782
1048 528.213 926.747
Visibility for camera firetruck (27).jpg
30
52 336.37 784.777
53 336.37 784.777
54 332.39 806.467
89 333.663 872.734
117 325.656 796.361
1002 530.427 862.359
1030 396.83 333.572
1032 468.022 820.099
1033 457.222 510.347
1034 610.254 853.379
1035 593.861 489.503
1036 593.861 489.503
1037 493.438 338.332
1038 394.925 231.752
1039 653.544 823.458
1040 528.547 334.421
1041 519.066 313.667
1042 520.277 283.513
1044 314.746 760.997
1046 432.352 329.07
1047 403.504 230.151
1048 549.827 853.898
1049 284.203 441.846
1050 301.015 616.123
1051 307.642 540.606
1052 410.824 888.968
1053 457.009 288.362
1054 615.312 787.58
1055 623.357 848.841
1056 651.758 558.371
Visibility for camera firetruck (28).jpg
61
34 213.947 504.26
35 197.395 511.505
36 225.389 537.152
40 284.779 606.87
46 355.447 701.745
51 398.128 804.105
52 405.856 830.08
53 405.856 830.08
54 412.42 852.993
89 445.79 922.399
997 501.405 954.151
1002 644.416 869.885
1029 660.529 750.268
1034 719.497 843.118
1036 668.6 469.215
1042 484.231 271.381
1044 371.837 809.669
1045 441.891 859.359
1046 431.786 329.561
1047 321.352 234.956
1051 258.969 580.281
1052 535.884 923.228
1053 437.209 283.039
1054 721.417 774.497
1055 730.536 836.617
1056 767.575 528.192
1057 186.439 293.469
1058 187.993 375.737
1059 208.626 519.39
1060 251.52 550.148
1061 267.141 305.662
1062 289.712 388.06
1063 289.712 388.06
1064 301.073 386.794
1065 332.772 329.918
1066 334.945 430.36
1067 354.579 609.941
1068 362.657 445.653
1069 413.279 604.327
1070 415.612 869.453
1071 423.336 745.578
1072 428.976 810.795
1073 428.916 554.541
1074 435.849 871.075
1075 448.246 683.256
1076 459.049 636.822
1077 460.586 875.872
1078 464.247 641.121
1079 464.29 835.809
1080 465.614 615.631
1081 471.779 650.28
1082 498.657 760.127
1083 498.657 760.127
1084 504.795 820.026
1085 584.461 892.709
1086 599.07 892.82
1087 601.377 555.627
1088 682.37 538.492
1089 682.37 538.492
1090 683.133 798.981
1091 697.334 834.618
Visibility for camera firetruck (29).jpg
73
34 250.602 572.997
35 233.983 581.808
36 269.645 606.465
40 347.813 674.727
46 441.403 768.087
47 454.9 783.565
51 508.339 871.343
54 532.469 921.36
57 607.288 982.766
67 267.828 499.987
75 398.664 636.493
89 582.841 990.715
1002 773.292 916.135
1042 542.838 315.607
1043 564.268 962.347
1046 512.949 378.119
1047 359.102 286.263
1048 787.136 902.203
1049 217.078 552.086
1050 360.806 731.123
1051 315.007 649.568
1052 676.151 982.876
1053 505.599 329.121
1054 844.984 811.963
1055 852.979 873.701
1056 895.107 559.504
1057 212.089 355.132
1058 212.821 439.351
1059 247.721 588.217
1060 299.777 617.81
1062 357.666 448.074
1063 357.666 448.074
1064 375.024 447.756
1065 401.565 385.616
1066 422.314 489.856
1067 439.67 670.933
1068 458.018 502.846
1069 520.884 663.284
1070 539.026 936.915
1071 535.471 808.02
1072 541.316 875.246
1073 544.985 611.681
1074 561.678 938.279
1075 564.278 743.145
1076 582.923 694.839
1077 587.883 940.773
1078 589.434 698.71
1079 582.797 897.215
1080 591.423 672.955
1081 599.539 707.485
1082 635.042 818.87
1083 635.042 818.87
1084 639.981 879.14
1085 718.59 946.126
1086 733.123 944.271
1087 736.688 600.05
1088 815.814 576.859
1089 815.814 576.859
1090 806.542 841.709
1091 819.636 874.857
1092 320.509 685.608
1093 446.983 822.494
1094 527.06 614.549
1095 535.828 478.657
1096 577.732 747.774
1097 581.605 738.54
1098 586.803 628.276
1099 599.539 707.485
1100 621.171 879.954
1101 641.742 805.15
1102 658.018 886.398
1103 734.496 552.778
1104 858.325 864.856
Visibility for camera firetruck (3).jpg
176
260 810.315 252.703
261 760.354 428.515
262 762.21 421.863
263 809.249 270.931
264 760.006 447.333
265 773.356 413.022
266 764.86 453.169
267 770.433 444.11
268 809.637 317.419
269 794.217 384.691
270 814.062 328.506
271 823.435 298.153
272 778.049 455.635
273 785.229 442.584
274 839.504 267.9
275 791.334 429.033
276 803.72 393.564
277 834.484 293.763
278 802.601 410.077
279 806.049 427.603
280 808.902 419.456
281 854.337 280.266
282 857.608 269.295
283 795.657 486.668
284 804.58 471.208
285 846.986 353.683
286 804.592 496.391
287 842.914 379.292
288 861.386 337.061
289 871.657 304.728
290 814.688 497.89
291 848.583 388.912
292 855.449 368.885
293 833.965 450.285
294 884.67 282.941
295 817.547 517.514
296 868.114 351.517
297 839.764 458.723
298 845.716 440.497
300 906.627 262.693
301 848.172 451.166
302 884.356 356.714
303 895.202 318.066
304 894.161 318.529
305 831.338 528.883
306 891.637 337.231
307 889.671 349.682
308 905.856 310.536
309 839.949 529.214
310 867.429 439.754
311 889.401 377.725
312 872.856 433.538
313 924.483 263.936
314 865.071 462.5
315 867.558 468.44
316 877.827 427.147
317 876.885 441.19
319 886.77 424.992
320 874.42 463.85
321 920.041 333.198
322 929.945 315.328
323 872.162 504.782
324 907.358 398.115
325 920.926 357.272
326 893.984 455.424
327 900.772 447.195
328 923.703 385.679
329 920.097 401.722
330 889.134 505.165
331 897.716 481.651
332 918.019 419.7
333 938.392 358.12
334 917.305 448.627
335 904.476 497.401
337 932.051 443.322
338 935.559 434.106
339 921.725 496.742
340 922.855 504.863
342 925.234 512.79
617 583.756 787.615
864 38.4439 299.242
865 68.1974 330.946
866 60.373 289.176
867 35.5612 180.281
868 46.3681 193.18
869 69.3237 299.211
870 87.9061 364.412
871 69.9453 272.27
872 77.06 289.431
873 47.9765 158.237
874 91.3174 289.761
875 38.3544 31.8745
876 79.5501 214.452
877 92.3935 266.24
878 66.3008 138.334
879 103.363 294.993
880 89.5535 229.196
881 63.9346 88.5612
882 111.983 316.474
883 111.003 306.131
884 141.134 369.266
885 139.945 359.033
886 115.099 241.523
887 128.905 287.071
888 82.7745 51.9163
889 112.878 178.833
890 117.533 154.101
891 155.288 309.505
892 111.075 96.0409
893 129.958 173.118
894 146.257 223.353
895 173.976 348.802
896 175.117 337.356
897 143.046 170.967
898 176.13 313.361
899 150.089 192.368
900 191.422 337.654
901 173.314 252.274
902 178.544 272.585
903 208.969 410.339
904 157.576 176.374
905 179.703 265.138
906 193.018 306.09
907 174.493 216.58
908 185.9 274.142
909 196.472 285.266
910 187.204 213.107
911 189.293 189.218
912 210.691 278.487
913 224.106 307.653
914 223.111 299.391
915 493.526 453.845
916 504.106 466.482
917 492.318 369.056
918 543.105 502.257
919 535.887 450.873
920 550.246 504.51
921 539.993 457.827
922 545.456 470.76
923 539.505 440.909
924 535.892 419.419
925 522.15 325.434
926 550.328 447.953
927 564.623 480.218
928 561.846 460.678
929 533.264 316.308
930 562.698 455.312
931 527.712 285.182
932 546.872 370.138
933 568.936 447.894
934 560.705 396.425
935 583.114 509.783
936 554.985 371.005
937 579.186 462.436
938 560.563 375.025
939 573.804 425.606
940 577.193 434.033
941 575.719 406.575
942 597.83 488.067
943 574.761 373.776
944 582.893 392.561
945 563.718 280.761
946 606.854 466.484
947 572.814 287.845
948 564.986 251.603
949 614.614 481.391
950 605.416 410.12
951 588.541 330.972
1105 902.178 586.775
1106 903.628 593.967
1107 911.588 570.602
1108 914.82 588.089
1109 915.911 579.165
1110 925.885 553.98
1111 927.452 584.45
1112 935.682 575.892
Visibility for camera firetruck (30).jpg
56
34 238.844 646.323
35 226.087 655.91
36 267.03 671.757
44 425.139 526.381
46 467.813 784.105
47 485.105 794.754
51 557.117 858.196
54 592.54 895.4
55 630.079 923.077
68 268.846 551.496
75 416.796 678.057
998 759.046 911.261
1043 630.079 923.077
1046 503.867 446.655
1048 791.642 841.965
1050 387.728 765.889
1052 725.321 921.687
1055 835.177 809.132
1056 856.786 549.516
1057 185.576 462.183
1060 298.397 677.517
1061 331.874 457.03
1062 370.467 523.624
1063 370.467 523.624
1064 394.514 522.508
1070 604.9 908.057
1072 585.715 857.007
1073 583.944 637.819
1074 621.215 904.578
1075 603.242 742.226
1077 642.662 902.22
1078 631.826 700.28
1080 633.296 679.951
1081 642.857 706.096
1083 683.667 791.527
1084 689.222 841.681
1085 749.776 887.529
1086 760.28 882.86
1088 805.478 573.104
1089 805.478 573.104
1095 546.746 526.934
1097 622.527 735.677
1098 632.112 643.557
1099 642.857 706.096
1102 707.92 843.66
1104 836.673 801.156
1113 293.313 461.421
1114 293.109 609.55
1115 332.091 478.665
1116 332.091 478.665
1117 454.796 496.023
1118 481.129 554.789
1119 501.783 778.084
1120 507.275 842.418
1121 558.325 546.312
1122 760.551 872.913
Visibility for camera firetruck (31).jpg
63
34 211.822 688.562
38 272.119 727.125
43 441.117 797.351
51 594.747 855.937
52 618.122 871.324
54 641.864 885.505
55 684.476 906.677
65 208.599 645.178
66 236.005 618.848
67 236.005 618.848
75 425.973 697.273
78 469.117 557.846
87 642.703 743.493
89 712.836 922.497
998 800.856 878.132
1043 684.476 906.677
1045 663.956 880.115
1049 167.313 678.515
1050 401.355 786.85
1055 843.591 771.311
1060 282.58 711.514
1061 330.021 484.351
1066 472.644 566.942
1072 622.271 849.527
1074 671.071 890.071
1076 669.652 690.207
1078 678.055 689.971
1081 690.23 694.444
1084 737.485 820.123
1086 794.6 851.108
1089 828.083 548.108
1094 600.458 640.338
1095 565.62 530.24
1097 665.266 726.816
1098 682.317 634.972
1099 690.23 694.444
1100 715.886 827.172
1101 742.836 760.087
1102 758.705 819.417
1103 741.587 548.354
1104 842.169 763.744
1113 286.219 494.54
1114 279.402 644.424
1116 332.397 507.764
1117 461.402 510.774
1118 507.408 564.727
1119 523.477 783.07
1121 579.052 547.495
1122 791.103 840.759
1123 234.703 701.614
1124 360.538 524.4
1125 371.341 527.603
1126 397.517 521.626
1127 431.961 546.887
1128 454.663 798.569
1129 456.496 537.128
1130 459.907 544.236
1131 490.673 746.018
1132 500.741 557.302
1133 511.551 572.034
1134 556.42 666.879
1135 665.498 783.97
1136 683.952 892.337
Visibility for camera firetruck (32).jpg
44
34 229.642 821.745
36 276.268 828.287
37 272.428 642.296
38 308.016 835.661
41 426.317 638.554
43 494.176 841.101
44 489.248 638.528
50 633.272 638.391
51 644.963 840.887
52 672.605 845.974
55 739.451 854.033
59 173.671 660.547
60 180.317 736.534
64 210.343 798.459
74 414.873 815.685
75 462.683 764.82
77 480.265 629.643
78 516.086 642.146
81 578.852 794.894
84 623.085 828.49
998 806.179 796.204
1074 720.786 845.233
1078 712.924 690.472
1093 578.686 846.455
1094 644.944 672.686
1096 693.901 727.85
1097 699.047 720.741
1100 747.708 783.558
1113 319.438 639.833
1114 303.738 764.895
1123 258.816 825.177
1124 400.763 643.926
1125 412.845 644.091
1126 440.299 631.806
1127 476.863 643.446
1129 501.255 629.483
1130 505.028 635.08
1131 533.43 784.764
1132 547.742 634.871
1133 558.683 642.421
1134 597.834 704.63
1135 699.531 765.071
1137 266.003 564.962
1138 494.998 564.901
Visibility for camera firetruck (33).jpg
47
34 258.333 764.36
36 297.023 781.357
38 322.459 794.941
43 491.804 842.924
51 638.24 878.715
54 684.974 901.848
55 728.306 915.3
57 764.25 914.992
74 429.432 800.205
75 468.727 759.856
87 676.017 783.585
1055 835.852 767.523
1072 661.39 869.802
1074 711.309 901.57
1078 708.862 739.86
1080 710.868 725.151
1081 720.435 742.568
1086 809.895 849.729
1093 569.903 867.949
1094 636.599 705.143
1097 697.003 768.262
1098 713.637 696.969
1099 720.435 742.568
1102 787.391 836.496
1113 328.438 604.412
1114 322.628 724.82
1116 374.416 613.343
1118 546.57 651.474
1119 564.152 821.836
1121 604.085 625.591
1122 807.087 840.461
1124 402.959 624.876
1125 413.724 627.389
1126 439.366 621.662
1127 473.717 640.25
1128 502.48 841.483
1129 497.257 631.814
1130 500.169 637.329
1131 534.051 794.807
1132 540.66 646.24
1133 551.459 656.389
1134 594.856 728.4
1135 698.776 814.593
1136 723.662 902.783
1137 328.969 522.956
1139 186.801 621.583
1140 735.983 663.155
Visibility for camera firetruck (34).jpg
27
34 327.612 630.663
35 320.724 640.69
36 355.22 651.918
40 433.34 686.865
43 493.327 735.17
46 524.186 734.46
47 538.974 742.808
51 598.779 789.536
54 629.082 816.77
55 659.405 835.394
57 687.721 840.843
96 320.126 510.094
998 742.079 815.475
1055 782.34 725.139
1060 378.898 653.622
1062 445.189 586.35
1070 640.154 827.318
1074 649.87 821.407
1079 647.072 790.497
1085 733.391 796.481
1092 420.614 701.061
1115 415.08 559.629
1122 739.154 784.049
1128 502.388 736.565
1139 278.714 520.309
1140 680.371 666.531
1141 766.127 617.032
Visibility for camera firetruck (35).jpg
93
1 244.204 768.678
3 257.793 804.74
4 235.476 632.912
5 244.228 692.013
7 269.827 844.08
8 263.274 775.734
9 247.386 499.475
10 254.713 526.919
12 322.796 944.971
13 315.32 900.364
14 327.49 933.386
16 337.357 936.474
17 277.361 405.494
18 322.128 731.216
19 298.725 448.856
20 378.703 639.905
21 371.65 448.208
22 429.76 626.109
24 464.135 808.669
25 452.506 619.229
27 464.151 593.755
28 493.369 791.929
29 514.38 824.665
30 521.011 815.618
31 524.926 808.758
32 529.785 810.057
33 554.586 756.824
240 334.449 403.089
241 340.092 546.32
242 392.299 451.137
244 404.705 827.587
245 430.927 867.949
246 459.753 800.589
247 455.516 816.54
248 455.516 816.54
249 503.928 651.092
253 502.209 870.169
254 549.843 739.872
255 571.66 349.141
256 563.401 897.253
257 621.946 359.149
258 658.809 370.454
864 740.828 384.583
865 758.775 418.1
866 765.9 377.872
867 777.287 270.489
868 785.181 285.313
869 770.32 389.616
870 768.802 453.725
871 781.168 363.505
872 781.843 380.963
873 798.06 252.927
874 795.997 383.805
875 829.414 134.558
876 814.095 310.817
877 805.213 361.169
878 820.897 235.912
879 804.972 390.146
880 814.025 324.825
881 832.193 189.361
882 808.117 412.746
883 809.335 400.998
884 818.046 469.078
885 821.773 457.981
886 836.634 341.807
887 832.025 386.25
888 868.296 159.13
889 854.405 280.991
890 866.285 258.86
891 854.715 412.387
892 880.484 202.829
893 875.819 279.777
894 872.548 329.075
895 857.162 455.92
896 864.65 444.121
897 888.019 278.263
898 872.2 420.606
899 887.15 301.505
900 878.981 446.047
901 889.619 361.178
902 886.903 380.913
903 873.763 520.603
904 900.508 285.988
905 891.929 374.537
906 891.49 416.552
907 902.204 327.085
908 893.965 385.311
909 902.889 397.214
910 917.193 326.04
911 926.285 303.373
912 920.001 393.029
913 925.877 423.744
914 925.577 416.285
Visibility for camera firetruck (4).jpg
372
260 319.286 136.921
261 317.328 321.63
262 318.293 314.19
263 323.441 154.741
264 321.891 340.715
265 326.361 303.391
266 327.256 345.828
267 329.928 335.572
268 336.445 201.744
269 338.816 270.828
270 341.596 213.287
271 344.647 180.018
272 340.688 345.665
273 344.955 331.806
274 351.642 146.68
275 347.342 316.544
276 349.698 279.748
277 355.032 173.12
278 352.357 296.475
279 361.074 313.576
280 361.445 304.97
281 370.304 157.613
282 370.172 145.557
283 365.724 374.712
284 370.412 358.53
285 382.551 233.001
286 378.319 382.326
287 384.981 259.093
288 392.4 213.574
289 393.922 179.651
290 387.766 383.838
291 392.479 267.95
292 393.856 246.964
293 394.355 332.163
294 400.759 155.66
295 396.081 400.937
296 402.343 226.813
297 401.392 339.675
298 402.87 320.261
300 417.35 132.212
301 409.038 329.89
302 417.752 231.049
303 418.361 190.909
304 418.361 190.909
305 411.175 409.509
306 420.917 209.564
307 421.903 222.367
308 427.912 180.557
309 419.697 409.767
310 423.635 316.595
311 429.652 250.269
312 429.377 309.782
313 435.482 132.193
314 427.725 337.868
315 429.755 345.563
316 430.62 302.106
317 433.113 316.619
319 438.073 298.841
320 436.412 338.887
321 446.946 201.792
322 452.364 182.692
323 444.739 380.245
324 451.792 268.451
325 453.776 225.441
326 454.574 326.454
327 458.546 317.984
328 462.334 254
329 464.81 270.67
330 461.684 378
331 463.833 352.808
332 467.175 288.71
333 469.997 224.537
334 474.081 317.098
335 473.389 367.837
337 485.658 309.345
338 487.497 299.594
339 488.908 364.297
340 492.95 372.244
342 497.434 379.916
344 536.856 285.575
345 534.788 389.678
346 542.631 292.546
347 544.446 284.636
348 547.838 327.834
349 554.938 160.604
350 566.861 272.662
352 574.835 235.948
353 577.163 319.746
354 580.606 200.966
357 587.886 238.458
358 584.513 352.556
359 591.22 187.265
361 592.657 154.955
362 588.136 392.102
363 593.767 274.422
365 607.304 153.972
366 606.059 301.846
367 611.863 138.4
368 608.133 265.326
369 611.829 276.243
370 614.405 216.21
373 627.305 271.207
374 626.658 345.961
375 633.397 312.581
376 639.789 215.868
377 638.037 320.087
378 651.102 302.219
380 654.573 330.069
381 657.385 384.011
384 665.132 298.158
386 663.004 365.255
388 673.104 203.673
389 670.241 327.801
390 673.255 254.324
391 673.557 284.413
392 671.176 381.131
393 671.585 365.43
394 670.586 425.332
395 678.988 222.927
396 673.898 353.362
398 681.161 435.457
399 687.237 297.357
400 687.208 329.272
401 685.738 417.023
402 690.021 311.23
403 694.699 183.391
405 700.038 195.253
406 696.727 321.69
407 695.925 397.53
408 695.535 417.121
409 702.019 247.335
410 701.832 256.644
411 706.926 215.504
412 705.42 267.125
413 708.222 206.058
414 708.222 206.058
419 710.343 394.953
420 714.087 275.921
421 715.325 376.407
423 721.934 350.283
425 730.891 169.808
427 730.685 241.75
428 735.541 271.919
429 739.244 262.825
430 738.998 198.396
431 741.473 228.278
432 739.333 328.498
433 738.187 339.144
434 737.944 415.972
436 743.167 283.954
437 743.604 345.493
438 746.994 177.071
439 745.555 351.804
440 745.486 307.411
441 749.732 264.034
442 751.929 272.777
443 752.643 357.031
445 750.16 397.617
446 756.586 185.92
449 751.97 339.568
450 753.63 381.041
451 753.895 422.512
452 758.385 317.402
453 757.724 372.227
454 759.332 343.86
455 762.8 173.778
456 757.764 392.186
457 757.727 413.903
458 761.177 363.455
459 764.564 293.062
460 768.23 228.18
461 772.295 213.21
462 767.762 438.708
463 770.68 338.542
464 773.331 313.963
465 779.063 247.608
466 782.173 180.911
467 780.788 272.625
468 782.07 288.926
469 784.588 252.207
470 785.353 222.705
471 786.826 172.045
472 784.469 351.376
473 785.676 390.065
474 785.341 398.49
475 786.718 419.127
476 789.077 232.272
478 795.132 257.797
479 795.119 445.841
480 488.702 756.761
481 801.412 358.99
482 801.138 405.883
483 802.456 430.091
484 808.208 161.639
485 806.603 282.221
486 807.307 309.213
487 805.813 454.788
488 806.995 418.101
489 809.329 333.479
490 814.709 170.188
491 809.162 404.947
492 811.513 462.085
493 813.816 357.013
494 812.829 396.554
495 813.614 411.708
496 818.29 179.695
497 816.052 341.288
498 820.382 302.7
499 824.367 248.294
500 827.275 350.552
501 825.065 333.836
502 823.911 375.435
503 824.543 417.242
504 823.77 447.853
505 829.845 297.059
506 829.845 297.059
507 828.502 320.17
508 830.917 193.449
510 833.59 265.71
511 835.568 304.689
512 836.431 340.664
513 845.858 198.243
514 842.616 411.957
516 846.552 256.2
517 846.552 256.2
518 847.771 285.446
519 848.255 232.971
520 845.773 441.422
521 849.545 232.76
522 857.118 378.687
525 857.345 364.601
527 855.801 466.087
528 860.121 278.516
529 861.313 332.531
530 862.494 309.413
531 863.262 459.903
532 867.127 284.735
533 864.773 401.119
534 863.943 449.908
535 866.943 377.278
537 871.198 355.207
539 873.035 334.946
541 876.21 362.132
542 875.904 300.076
544 884.069 189.356
545 883.603 237.074
546 884.498 293.861
547 884.855 318.174
548 882.433 458.451
549 887.087 402.76
550 887.385 327.418
551 887.49 331.919
552 890.846 174.95
553 888.606 418.993
554 891.991 269.528
555 890.905 427.625
556 896.397 153.47
558 897.913 238.265
559 899.442 319.214
560 897.776 303.834
561 899.778 434.419
562 899.778 434.419
563 899.293 384.427
564 899.585 480.34
565 901.129 357.142
566 905.167 228.232
567 601.917 899.419
568 906.609 500.116
569 913.137 426.794
570 918.277 271.934
572 920.224 294.24
573 919.246 434.898
574 919.853 467.184
575 922.85 423.233
576 921.209 510.886
577 925.175 304.58
578 923.247 493.366
580 929.046 322.954
581 927.175 485.245
582 929.329 432.83
584 930.284 408.834
585 928.183 502.947
586 937.882 309.801
588 934.399 442.109
594 941.004 477.227
596 943.453 393.566
597 943.726 402.131
617 675.827 797.818
709 680.905 239.673
710 695.854 174.532
711 629.959 519.952
712 634.975 486.532
713 681.258 277.449
714 658.131 391.218
715 653.951 448.193
716 646.159 491.328
717 650.818 473.259
718 652.693 484.273
719 657.318 510.03
720 661.886 518.165
721 679.098 446.24
722 709.123 335.514
725 783.995 196.882
726 785.353 222.705
727 762.842 350.321
729 780.741 304.654
730 803.13 226.751
731 786.837 338.577
735 849.274 303.08
736 864.676 221.473
740 890.126 231.151
741 914.234 258.524
742 932.75 206.763
743 920.191 276.574
745 937.876 340.612
746 942.632 331.22
778 502.357 827.481
824 862.66 556.633
825 939.096 319.636
826 883.047 503.643
827 863.539 565.298
828 891.68 516.644
829 881.556 557.039
830 891.521 525.81
831 889.386 554.842
862 638.672 889.423
915 51.2578 391.193
916 67.5421 403.675
917 26.7161 304.081
918 116.763 432.703
919 95.09 380.628
920 123.756 434.644
921 100.72 388.173
922 109.858 400.069
923 95.882 369.641
924 85.9461 348.069
925 46.5304 254.056
926 108.848 375.27
927 132.298 406.305
928 124.99 386.873
929 55.3276 242.43
930 123.895 381.533
931 41.4397 209.74
932 85.0219 294.816
933 128.825 372.231
934 106.47 321.173
935 160.585 434.198
936 93.4078 294.417
937 143.16 385.482
938 100.487 298.827
939 127.264 348.82
940 133.194 357.065
941 124.35 329.733
942 168.763 409.554
943 114.521 294.909
944 128.036 314.593
945 77.7645 200.987
946 173.164 385.679
947 89.5004 206.181
948 70.3799 170.417
949 185.166 398.585
950 156.951 327.666
951 117.249 248.32
988 568.603 844.186
1105 494.629 456.855
1106 496.63 463.684
1107 499.413 439.33
1108 506.339 455.741
1109 504.808 447.325
1110 507.929 420.458
1111 517.516 450.024
1112 521.959 440.785
Visibility for camera firetruck (5).jpg
408
299 134.024 787.319
318 157.033 684.354
344 28.9381 211.072
345 56.3984 319.817
346 38.5594 216.48
347 36.8176 209.27
348 52.8756 253.91
349 13.4258 77.1156
350 55.9997 193.12
351 334.273 739.921
352 55.1338 153.189
353 79.5891 239.39
354 51.6783 115.675
355 350.136 740.232
356 371.622 839.839
357 68.3636 153.356
358 97.5275 272.511
359 58.2861 99.4944
361 50.8997 65.3728
362 112.833 313.6
363 85.5446 190.424
364 357.148 635.608
365 67.1056 62.8621
366 105.809 217.303
367 66.7001 46.7446
368 98.0813 178.892
369 104.469 189.865
370 89.8786 126.947
372 386.665 666.361
373 122.183 181.551
374 140.165 260.432
375 138.446 226.068
376 116.597 122.862
377 144.603 230.873
378 155.628 209.816
383 165.649 204.84
384 165.649 204.84
385 190.315 305.791
387 176.617 223.909
388 148.409 106.01
389 179.46 234.272
390 163.054 156.513
391 170.835 189.096
392 195.869 289.184
393 190.903 272.21
395 159.787 124.131
397 469.215 656.895
398 220.779 342.883
400 197.363 233.006
402 196.046 213.273
403 167.065 81.418
404 482.695 643.15
405 174.061 94.2303
409 190.925 147.311
410 193.859 154.754
412 198.455 165.63
413 185.431 101.873
414 185.431 101.873
416 476.958 559.622
417 493.342 616.758
418 212.651 196.253
419 239.389 294.991
420 209.421 173.763
421 238.87 277.32
422 230.938 239.031
426 526.153 649.07
427 218.734 136.211
429 230.866 157.333
431 223.372 121.508
432 250.645 225.21
433 252.556 234.579
434 272.092 313.49
435 225.332 109.763
436 241.803 177.982
437 257.896 241.497
438 217.245 67.2599
439 261.558 247.527
440 251.073 201.977
441 244.382 155.731
442 247.226 165.388
443 270.494 251.959
444 276.553 283.099
445 279.193 292.82
446 228.923 76.7971
447 231.446 90.4259
448 265.723 233.463
450 276.66 275.647
451 289.337 318.277
453 280.402 265.897
455 231.547 62.8304
456 286.857 286.414
457 292.264 307.75
458 282.198 256.778
459 264.399 184.453
460 250.733 118.151
461 250.912 100.166
462 308.311 331.015
463 284.919 228.354
464 278.298 204.076
465 266.983 136.445
467 276.436 161.398
469 274.154 140.431
470 266.626 110.183
472 300.896 240.387
473 312.257 279.653
474 314.404 289.517
475 322.076 309.776
476 275.1 118.68
477 265.555 60.6635
479 337.978 333.131
480 633.835 802.265
481 319.065 245.645
482 332.236 293.144
483 339.879 316.589
485 304.22 167.879
486 311.915 194.718
487 350.307 341.962
488 340.947 305.133
489 320.968 218.669
490 281.745 52.084
491 341.718 291.576
492 358.187 348.44
493 332.257 241.666
494 342.833 281.73
495 346.396 297.876
496 290.911 59.3102
497 330.914 225.706
498 323.688 186.96
499 312.733 130.448
500 339.098 232.732
501 336.073 216.905
502 345.93 259.085
503 358.347 300.964
504 365.3 330.194
505 330.265 178.761
507 336.844 202.508
508 304.913 73.2529
509 694.033 932.208
511 338.63 185.458
512 349.017 221.774
514 373.702 293.624
515 710.487 932.785
516 336.801 135.1
518 344.778 164.989
519 331.503 112.673
520 384.521 321.965
522 379.113 257.704
523 372.703 232.56
524 727.892 940.461
525 374.542 243.456
527 401.018 345.22
528 355.727 155.492
529 371.69 210.013
530 367.064 186.175
531 407.04 337.861
532 364.535 160.026
533 393.567 278.293
534 405.077 328.308
536 383.578 221.314
537 386.465 232.486
538 389.742 241.458
539 384.44 210.854
540 384.01 202.94
541 393.468 237.966
542 377.368 175.175
543 355.329 73.9233
544 356.105 61.6793
547 389.681 192.63
548 425.109 333.603
549 413.901 277.756
550 395.471 199.487
551 397.411 205.045
552 359.245 46.7015
553 420.547 292.93
554 384.067 141.746
555 425.135 301.037
557 409.451 224.81
558 381.357 109.993
561 435.01 306.687
562 435.01 306.687
563 422.93 256.107
564 446.957 352.507
565 415.457 230.172
566 387.162 97.7173
567 785.914 932.988
569 445.927 297.391
570 410.911 140.745
571 754.888 683.768
572 417.326 163.204
573 454.08 302.99
574 463.361 335.616
575 454.36 291.365
576 476.176 379.47
577 426.499 171.298
578 471.904 361.423
580 434.006 190.861
581 475.648 352.82
582 463.253 300.636
583 463.253 300.636
584 457.603 275.67
585 480.367 370.244
587 436.668 175.575
588 471.099 308.019
589 403.002 35.0628
590 424.338 116.631
591 767.899 661.39
592 460.694 246.202
593 448.001 192.307
594 485.998 343.826
595 414.749 49.3768
596 467.039 259.652
597 469.823 266.937
598 449.996 167.035
599 438.223 114.688
600 428.939 77.9766
601 467.903 231.184
602 473.907 252.035
603 455.61 154.66
604 463.363 173.985
605 477.208 211.339
606 448.182 93.274
607 455.819 120.307
608 458.627 133.365
609 469.904 161.571
610 463.884 140.258
612 844.083 877.758
613 475.152 146.318
614 474.215 140.386
615 482.747 177.017
616 473.034 122.772
618 502.098 226.731
619 486.033 148.651
620 475.851 94.2332
621 485.736 121.804
624 479.379 67.2509
627 496.334 127.541
628 486.663 85.4192
629 532.166 266.21
631 516.691 199.421
632 508.206 149.081
634 517.927 180.497
636 503.739 108.106
637 541.296 245.109
638 511.08 119.605
640 533.242 196.552
641 549.954 235.511
642 522.718 118.405
643 550.369 207.499
644 536.646 155.732
645 547.044 188.094
647 542.713 165.056
648 534.354 117.565
649 543.436 146.97
650 538.71 128.504
652 533.406 93.5015
654 567.45 210.887
657 561.345 124.721
658 583.126 210.556
659 553.19 77.1702
663 585.99 177.328
664 575.948 132.422
666 608.426 243.224
667 567.073 76.8396
668 594.606 182.458
670 611.037 229.121
671 569.136 67.1247
672 582.108 112.795
674 582.286 97.2977
676 627.412 244.963
677 629.214 258.057
678 615.473 172.062
679 651.107 257.317
680 641.218 215.641
681 625.804 146.14
683 626.398 134.086
684 646.826 210.249
685 656.088 227.686
688 643.241 148.491
689 658.95 197.056
691 622.011 27.0001
692 652.575 143.351
693 680.687 241.539
695 649.334 62.4697
698 707.697 209.738
702 711.367 173.443
707 778.344 259.284
709 167.579 140.207
710 164.959 72.6551
711 191.365 438.852
712 187.912 403.266
713 174.642 180.809
714 183.553 301.728
715 197.397 360.787
716 202.222 405.996
717 200.103 386.479
718 205.02 397.727
719 218.282 424.486
720 224.347 430.678
721 221.714 354.08
722 222.187 235.414
723 79.9901 632.371
724 90.4007 591.468
725 264.693 83.282
726 266.778 109.818
727 278.106 242.309
728 151.401 794.513
729 283.024 194.521
730 286.882 110.318
731 301.116 227.383
732 162.058 670.733
734 173.37 671.993
735 349.151 182.79
736 344.335 98.0074
737 234.014 810.622
738 207.745 557.061
740 374.787 103.091
741 404.122 128.178
742 406.757 71.9288
743 413.902 144.317
744 330.516 829.889
745 446.815 207.048
747 442.43 33.4742
748 448.118 50.8308
750 312.987 623.687
751 323.352 631.334
752 354.625 824.542
753 356.699 806.782
754 361.439 811.104
755 474.322 57.4619
757 485.965 110.155
758 380.363 826.254
759 508.225 158.776
760 523.608 128.032
761 411.988 641.569
762 546.763 47.3633
763 559.423 177.527
765 561.159 102.778
766 598.097 128.18
767 464.42 646.264
768 472.628 551.391
769 615.473 172.062
770 518.647 908.645
771 621.235 195.726
774 648.6 39.3673
775 732.959 137.133
778 656.512 878.064
779 747.014 87.4894
780 747.437 121.084
781 746.363 31.5685
782 750.883 91.9117
783 752.997 49.5956
784 758.118 63.1468
785 765.868 120.465
786 670.457 777.707
788 767.479 49.8016
789 768.402 39.5884
790 775.711 172.685
792 795.139 185.604
793 797.979 115.037
794 815.094 161.237
795 808.447 37.2777
796 808.415 28.4452
797 815.269 113.052
798 826.858 226.952
799 828.554 263.358
800 824.774 175.239
802 825.796 58.673
803 835.21 82.549
804 844.149 193.435
805 750.105 805.344
807 865.285 141.478
811 909.097 82.2613
816 846.821 974.303
824 432.712 434.369
825 444.708 185.56
826 437.093 378.464
827 435.992 443.066
828 449.694 389.457
829 451.182 431.708
830 452.964 399.006
831 458.175 428.493
836 160.341 777.572
847 343.842 835.024
848 354.625 824.542
849 356.214 811.229
852 420.503 515.807
853 436.862 897.741
854 476.922 647.217
859 758.274 932.972
860 762.019 807.866
862 817.75 911.85
863 846.166 999.761
967 340.577 878.039
977 424.173 643.076
983 514.016 905.879
986 630.083 936.151
988 748.644 882.155
996 828.81 928.738
1026 830.803 960.089
1028 375.988 891.097
1105 32.8241 397.188
1106 36.1571 403.893
1107 32.2891 378.12
1108 45.2253 394.669
1109 40.9293 385.14
1110 36.5474 356.725
1111 55.624 386.09
1112 58.2631 374.997
Visibility for camera firetruck (6).jpg
40
34 265.907 593.42
35 255.418 599.036
36 280.983 615.644
47 410.099 730.715
55 485.024 836.243
57 509.659 846.981
75 375.001 640.044
1042 465.241 443.167
1052 549.348 846.032
1055 650.995 783.074
1056 675.217 605.268
1057 245.461 456.166
1058 241.004 506.167
1059 264.499 602.355
1062 354.6 527.742
1064 368.554 530.625
1065 382.577 490.644
1066 399.218 557.83
1067 402.474 662.072
1068 425.929 569.652
1069 458.277 660.398
1071 464.764 745.525
1072 467.657 786.284
1073 475.552 633.925
1074 482.335 822.294
1076 497.639 681.134
1082 527.744 752.963
1083 527.744 752.963
1087 585.063 630.349
1088 631.966 615.821
1089 631.966 615.821
1090 623.737 764.376
1091 631.987 783.18
1092 319.188 668.494
1095 468.642 552.785
1096 492.859 710.339
1101 533.288 744.879
1103 584.419 598.091
1121 473.682 566.633
1140 523.779 624.696
Visibility for camera firetruck (7).jpg
18
34 298.004 681.889
35 290.409 687.477
36 312.41 700.862
55 493.68 876.761
1042 451.143 573.8
1043 493.68 876.761
1052 542.285 880.558
1060 329.797 706.321
1079 496.509 844.808
1082 523.276 819.655
1083 523.276 819.655
1088 594.229 717.919
1089 594.229 717.919
1116 355.541 626.069
1118 430.142 686.466
1138 433.554 629.906
1141 595.113 718.618
1142 434.981 821.966
Visibility for camera firetruck (8).jpg
22
34 259.45 704.841
35 254.759 715.214
36 289.027 720.882
40 370.345 743.428
44 436.93 638.04
45 459.511 586.967
46 463.314 775.916
54 575.014 836.494
55 606.53 849.679
998 679.182 822.405
1055 698.716 738.479
1060 313.213 720.185
1115 356.637 612.536
1117 446.233 610.354
1120 507.08 811.37
1122 670.633 794.484
1136 603.809 839.222
1137 324.418 529.925
1138 459.29 586.148
1139 210.792 600.414
1141 689.716 625.719
1142 506.813 810.123
Visibility for camera firetruck (9).jpg
37
34 316.644 762.38
35 317.942 772.916
37 365.431 610.466
38 382.124 773.044
39 408.145 770.873
41 493.292 607.292
42 505.003 601.098
43 531.431 776.271
44 542.614 607.968
45 545.449 551.13
46 556.453 764.783
48 606.975 607.548
49 626.664 609.08
50 654.745 607.82
56 730.9 608.363
58 229.974 683.725
59 286.581 625.517
61 286.299 684.193
71 471.177 503.272
72 472.28 526.807
73 448.166 610.308
75 509.861 712.543
77 535.984 600.109
79 567.663 600.749
80 600.296 599.871
81 599.933 738.158
83 693.084 551.731
84 634.447 766.565
85 661.908 641.46
1097 698.398 676.828
1115 449.223 607.576
1120 615.906 781.681
1123 340.889 765.056
1124 473.096 611.163
1128 540.042 773.648
1135 696.014 713.431
1142 615.392 781.459
